10014839	1
1002255	1
10043337	2
10058153	1
10061445	3
1007123	1
10100985	1
10104021	1
10112910	1
10136334	2
1015653	1
10170629	1
10175895	1
10194168	1
10199216	1
10219841	1
10220435	1
1022302	1
10235544	1
1024728	2
1025556	1
1025723	3
10260570	1
102684	1
10281202	4
10283735	4
1030035	1
10338296	1
103427	2
1037114	1
1037115	1
10371342	1
10372748	3
10385963	1
10392662	2
1039322	1
10397429	1
10397663	1
10420224	1
10421063	1
10437300	1
10453254	1
10534771	1
10553813	1
10556219	1
10558142	7
10571217	3
10590193	2
10594158	1
10607280	1
10657225	1
10662999	1
10666831	2
106700	1
106721	1
106972	1
10722904	2
10727475	2
1075031	1
107542	1
107605	1
10764824	1
10771753	1
10809449	1
10853410	1
10870042	2
10874606	1
10877293	1
10903708	3
10918906	1
10921278	1
1092756	3
10936741	1
10944157	1
10952315	1
10952526	1
10955929	1
10969315	1
10977007	1
10981612	1
10996259	1
1100212	1
110120	1
11024255	1
110248	1
1102542	1
11027707	1
11039803	1
11058653	1
110917	1
1118758	1
1119024	3
11194155	1
11206862	1
112093	1
11210607	1
1121532	7
1123549	2
11236752	1
11238188	1
11244730	1
11245279	1
11266036	4
11268592	1
11274242	1
11299221	4
11303992	1
1131945	2
11346794	2
11346922	2
1135078	1
1135188	1
11358129	1
11376974	1
11401309	1
11402413	1
1142416	1
1144724	1
1146836	1
1149264	1
11521444	1
11530062	1
11543719	1
1154803	1
11580391	1
11582791	1
11583055	1
11587678	1
11600938	1
11604512	1
11610220	1
11610447	1
11613383	2
11653525	1
11654429	1
11656980	1
1169181	1
11698717	1
11737076	1
11769189	1
11775	1
11792289	1
1183674	1
1183679	1
11839982	1
11845596	3
11847918	1
11850640	1
11853720	1
1187351	1
11904909	1
11910130	1
11946408	1
11948115	1
11949338	1
1195323	1
11962516	1
11972863	1
119809	1
11981534	1
11984004	1
12002224	2
12009714	1
12012741	1
1201633	1
1202954	1
12033608	1
12036205	1
1204406	1
12062283	1
12086787	1
12100097	2
12104033	1
1210993	1
1212520	3
12132989	1
1214247	2
1215564	1
12156808	1
12166491	1
12166833	1
12171359	1
12194562	2
12195007	1
12197530	2
12197959	2
12219592	1
12237174	1
1224813	4
1230087	1
12322681	1
12328574	1
12334975	1
12342766	1
12356916	1
12361167	2
12367587	1
1237248	1
12389678	2
12393299	1
12400286	1
12420261	1
1243056	37
12433067	1
12456569	1
12483454	1
12503146	1
12516018	2
12520715	1
1252862	1
1254153	1
12575330	1
12590022	1
12620012	1
12621051	1
1262470	1
12648641	1
12650724	1
12651381	1
12657870	1
12680177	1
12683237	1
12693172	1
12707568	1
12729402	1
12736784	1
12737162	1
1274285	3
1276476	1
12796487	6
12806968	1
1282652	1
12832332	1
12836602	1
12851001	1
12867960	1
12878312	1
12882903	1
1288618	1
12901367	1
129014	2
12903370	1
12905845	1
12913415	1
12934911	1
12935059	1
12940195	1
12951431	1
12967352	1
12973318	1
13004337	1
1300775	1
13010672	1
13024859	2
1303314	1
13042181	1
1304769	1
1309213	1
1311683	1
13158974	1
13166405	1
1319017	1
13200012	1
13200167	3
13208087	1
13240442	3
1324474	1
13266307	1
13267774	1
13309620	2
1336214	1
13364937	1
13370163	1
1340339	1
1340738	1
13407781	1
13424313	1
1343908	1
13439814	2
1346749	1
13508145	1
13527668	1
13535511	1
1353882	2
13546271	1
13546801	2
1355886	2
13566271	3
1356696	2
13574164	1
1363490	1
13643895	1
13669439	3
13671982	1
13697241	1
13703145	1
1375021	1
13752921	1
13757387	1
13759287	1
13771267	2
13774169	1
13782718	1
13784525	1
13786376	1
1379138	1
1379358	1
13796401	1
1380838	1
1382401	1
13827169	1
1382925	2
13835487	1
13869873	1
13870400	1
1387754	1
13877700	1
1388669	1
1390845	1
1393266	3
13959773	1
13960065	2
1396743	1
1397063	1
13976883	1
14004230	1
14012754	1
14015217	1
1403646	1
14049461	1
14057208	1
14057215	1
14068321	1
14088426	1
14090176	1
14098675	1
14099568	1
14100483	1
14127360	1
14128353	1
14138534	1
14140094	1
1414691	3
14193441	1
14196478	1
14282414	1
14316158	2
1434203	1
14342573	1
14343317	1
14345711	1
1436798	1
14370535	1
14372052	1
14379739	1
14386120	1
14387226	1
14417667	1
14418694	1
14441471	1
14446306	1
14456173	2
1445691	2
1452570	2
14540599	1
14549389	1
14569119	1
14589190	1
1459013	1
14595660	1
14604736	1
14649444	1
14660515	1
1466280	1
14683624	1
14703116	1
1478274	1
1481380	1
14859182	1
14860162	2
14891735	1
14898710	1
149118	1
14926558	1
14942	3
14943694	1
14976127	1
14980831	9
15056324	1
15060327	1
15060417	1
15082394	1
15104715	1
15109393	1
15110637	1
1511749	1
15135436	1
15155647	1
15171111	1
15178583	1
15188659	1
1520116	1
15204387	1
15288819	4
15312585	2
15315685	2
15318158	1
15320835	1
15377123	1
1539790	1
15433538	1
15436286	1
15438773	1
15448291	1
1545026	1
15450521	1
1545100	1
15454102	5
15473800	1
15512043	1
1551432	2
15537536	1
15543526	1
15565015	1
15566972	1
15576272	1
15606907	1
15611795	1
15655683	1
1566314	1
15697627	1
157262	1
1577903	1
15784748	1
15785670	1
15785677	1
15787538	2
15791829	1
15792177	1
15823970	1
15865967	1
15893988	1
1592704	1
15938400	1
15942582	5
15980816	1
15981902	1
15984289	5
16007710	1
16073490	2
160789	1
1608733	1
16110062	1
1611114	1
1611939	1
1612983	1
16155674	3
16159031	1
1618021	1
16206353	1
1623580	12
16255476	2
16264139	1
1628476	1
16285348	1
1635606	2
16380844	1
16405627	1
16441896	2
164430	1
16444568	1
1645336	1
16477349	2
1649939	1
1650960	3
16533140	1
16537099	1
165390	5
16577139	2
1658653	1
16587333	1
16630158	1
16637594	1
16639011	1
16643290	1
16685525	1
16687781	1
16708587	2
16718874	1
16727906	1
16729336	1
167482	1
1675559	2
16756919	3
16786048	1
16791036	1
16820220	1
1682544	1
16835162	1
16838013	2
168580	1
16882707	1
16884006	1
1691632	1
16927095	1
16929371	2
16931768	1
16966680	1
16969199	1
16975412	2
17022129	1
17034883	1
17039361	1
1704479	1
17088441	1
17124503	1
17170275	1
17170773	1
1717300	2
1717589	2
17179347	1
17179567	1
17206245	3
17208894	1
1722314	1
17224304	1
17234030	1
17269911	1
1729224	2
1730412	2
17309989	2
1731613	1
1732181	3
17363808	1
17380927	1
1744440	1
1744441	1
1746143	1
17469341	1
17471347	1
17473989	1
17476632	1
1747753	1
17482326	1
17530058	1
1754964	1
17566052	1
17571737	1
17572659	1
17595871	1
17597607	1
17613151	1
17640965	1
17644043	1
17717833	1
17740302	1
17764753	1
17770007	1
17774840	1
17787500	1
17795956	2
17796129	1
1782420	1
1783367	1
17834927	1
178552	1
1787819	8
17881151	1
1788284	1
17895568	1
17902178	1
179030	1
17928378	1
17935405	2
17937451	1
17940762	1
17940872	1
17961308	1
179626	2
1797680	1
17978322	1
17986403	1
1801138	3
18017462	1
180441	1
18046472	1
18096695	1
1809801	1
18099944	1
18104211	1
18150027	1
181621	1
18165306	1
18168733	3
18207315	1
1821227	1
18218129	1
18229030	1
18232665	1
18342756	1
18362115	1
18394291	1
1839610	1
18413215	2
18422078	3
18423248	1
184382	1
1845764	1
18478539	1
1849458	1
1850689	2
18522959	2
1859394	1
1859964	1
186257	1
1865986	2
18681876	1
18683496	1
18687921	1
1870462	1
1870781	1
1872473	1
18746557	1
18751883	1
18774473	1
187753	1
18791339	1
1881431	1
18835179	1
1886540	1
1886546	1
18874869	1
18888563	1
1890330	1
1891850	1
1893411	1
189356	1
18947211	2
18948070	1
18988566	2
18999958	1
19000707	1
19001873	1
19002091	1
19033543	1
19039209	1
19048175	1
19071753	1
19137950	1
1917040	1
1918676	2
19193158	1
19196841	2
192355	1
19243902	1
19245041	1
19262538	1
19289685	1
19292422	2
1929300	1
19294641	1
19295720	2
19296907	1
19310498	1
19311504	1
19333511	1
19338313	1
19361478	1
193689	1
19381151	2
19387667	1
1938802	1
1939746	1
19412970	1
19415602	1
19425	1
19469036	1
19476601	2
19477023	1
19533935	1
19598332	1
1962875	1
19628846	1
1963437	1
19660299	1
19660469	1
1969207	1
1971733	1
19756727	1
197690	3
1977631	1
19779189	1
19799874	2
19811465	1
1982828	1
19839856	1
1984006	1
19849450	2
19853154	1
19853296	1
19858764	2
19861136	1
19862778	2
19870914	1
19903240	1
19916574	1
19928221	1
19932967	1
19962298	1
19984963	1
19992117	1
19993125	2
19994652	1
20046375	1
20069008	2
20076237	1
20077020	1
20081759	1
20089918	1
2012892	1
20159192	1
20181500	1
20184201	2
20190141	1
2020017	1
20218854	1
20219463	1
20219487	3
20220925	1
20242835	1
20266233	1
2028319	1
20283872	2
20314969	1
20321164	3
20331331	3
2033580	1
20337955	1
20338511	1
20338967	1
2034501	2
20361123	2
20380795	1
20435133	1
20442522	1
20448703	4
20450031	1
20488068	2
20493911	2
20495686	1
204975	1
205007	1
2051621	1
20519441	1
2052160	1
205325	1
205412	3
20565615	1
20567228	2
2057654	1
20578709	1
20580823	1
20655766	1
2066223	1
2067157	1
20671912	1
20693394	1
20695413	2
2070664	2
20731	2
20732089	1
20732434	1
2074144	1
207419	1
20758898	1
20765151	1
20783903	2
20803374	1
20820841	1
2082490	2
20847926	1
20853099	1
2085350	1
20868197	1
20871317	1
20873639	1
208959	1
20935626	1
2094547	1
2095307	1
209571	1
20983122	1
21006812	1
21015753	1
21022292	1
21059456	3
21066328	1
21072725	1
2108094	2
21088545	1
21129876	1
21149225	1
21153266	1
21176908	1
21178519	1
2118351	1
21184497	1
21191577	1
21195629	1
2121640	1
21223543	1
21223810	1
212404	1
21259382	1
21265939	1
212740	1
21274060	1
21286518	1
21288637	1
21303244	1
21370071	1
21401856	1
21404681	2
21409235	1
21420064	1
21473544	1
21505796	1
2152222	1
215230	4
21574650	2
21574975	1
2161126	1
21616710	1
21640303	1
21649497	4
21657753	1
2166277	1
21685806	1
21691380	1
21699774	1
21730644	2
21773340	1
21788061	2
21818936	1
21819122	1
21889765	1
21896205	1
21897232	1
21933958	1
21935332	1
21979271	1
21979289	1
220013	1
22011088	1
22034694	1
2203746	4
22049520	1
2205509	1
22061910	3
22065793	1
22068932	1
22071593	1
22100785	1
22102774	1
2211872	1
22134250	3
22176009	1
22218808	1
2222321	3
222538	1
2225735	1
22257381	1
2226123	1
22267748	1
22302229	1
2230478	2
2231298	2
2232569	1
2234071	1
22372103	1
22372266	1
2237228	1
22411484	1
22414188	1
22422326	1
22422978	1
22449579	1
22501560	1
22576916	1
225830	2
225845	2
22611417	1
22619582	1
22680126	1
22698112	1
22737225	1
22740411	1
22758930	1
22759920	1
22764472	6
2277537	1
22840181	2
22848233	1
22860305	1
228678	1
2287724	1
22886966	1
2294267	1
22960405	1
22965312	1
22969709	1
230140	1
23027452	1
2305861	1
23077187	1
23084767	1
2308816	1
23093151	1
2309561	1
23113340	1
2315558	1
2316284	1
23165079	1
23165254	1
23169254	1
2317654	1
2318574	3
23228606	3
2323745	1
2325108	1
23255076	1
23259103	1
23267204	1
23270234	1
2327457	1
2328599	1
23312083	3
23315402	1
23316438	2
23316664	2
2334189	1
23352555	2
23353091	1
2336122	1
23361637	1
23372237	1
2342082	1
23423764	1
23436894	1
23468733	1
23468824	1
2347819	1
23489864	1
23498834	1
23502285	2
23539107	1
23551180	1
2355349	1
23583849	1
23591558	1
23624535	1
23630227	1
23635078	1
2364414	1
23669617	1
236709	2
2370749	1
23709757	2
23713302	1
2373847	2
2376549	1
23770394	3
23792018	5
23822173	1
23827582	1
23827679	1
238431	1
23878721	1
23880457	1
238982	3
23911251	1
23916634	1
2392169	1
2393756	1
23946949	1
239585	1
23972943	3
23986021	1
23993115	1
24017361	1
24017652	1
24038354	1
24046804	1
24049136	1
2405911	1
2405924	1
24087447	1
24091986	1
2409388	5
24134769	1
24148567	5
24165555	1
24166838	1
2419057	1
24212314	2
242188	1
24243156	1
2425448	1
24272378	1
24301524	1
24302543	2
2431399	1
2433229	1
24336313	2
2438665	3
24429939	1
24430641	1
24464339	1
2450062	1
24500821	1
24526173	1
24561026	1
24563934	1
2457842	1
2458745	2
24596657	2
2460676	1
24633415	1
24659319	1
24689607	4
24693226	1
24709547	1
24713520	1
2472278	1
24745881	1
24768603	1
24772144	1
24786046	1
24796943	1
247975	2
24798041	1
24803728	1
24825213	1
24843788	1
24892993	1
24902894	1
2490446	1
24905379	1
24905439	1
24916371	3
24940969	1
2495385	1
2496518	1
24974793	1
24976504	1
2497928	1
24981440	1
24986285	4
2498708	1
25041496	1
25066447	1
25084775	1
2511908	1
25138851	1
25150356	1
25171396	1
25189700	1
25239442	1
25243138	1
25274592	1
25284108	1
25330374	1
25355782	1
2535710	1
2536735	2
2537803	1
25417834	1
2544050	1
25460065	1
25465256	2
25520296	1
25522052	1
25523081	1
2555495	1
25602333	1
25616243	1
256203	1
25636571	1
25667310	1
2569008	2
257237	1
25746073	1
2575305	1
2575710	1
25804261	1
25816390	1
25855544	1
25899989	1
25904128	1
25906186	1
2593671	1
25940496	1
2594393	1
25963725	1
25966380	1
25971312	2
25999682	1
26002146	1
26003146	3
26032511	1
2604788	1
26066534	1
2608801	1
26124158	1
2612779	3
26130164	2
2613029	1
2613169	1
26135596	1
26138574	1
26139245	1
2617674	1
26225259	1
26225330	1
26232234	1
26233645	1
26300324	1
26322633	1
26326126	1
26378499	1
26378802	4
26389600	1
26390906	1
26392625	1
26394059	1
26475960	1
26498368	1
26498843	2
26502819	1
26504229	1
26509491	1
26547165	1
26568979	1
2661374	1
26630462	1
26690621	1
26707022	1
26713142	1
2673397	1
26736911	1
26737345	1
26766503	1
26768070	1
2683918	1
26850831	1
26861553	1
26869259	1
26877490	1
2695710	2
26967583	21
2696775	1
27003863	2
2704826	1
27054652	1
27101877	1
27122439	2
27128259	1
27128557	3
27128936	1
27129222	1
27189459	3
27215994	1
27233816	2
273088	2
27322459	1
27323526	1
27327008	1
27329128	2
2733106	1
27339584	2
2739131	2
2743047	1
2743787	1
2744582	1
2744697	1
2745335	2
27499395	1
27508753	1
27532846	1
2756070	1
27603433	2
27606550	1
276239	1
27628925	2
27656377	1
27663401	1
2766687	1
27676513	1
27711842	1
2775464	2
27761130	1
2777369	1
27811196	1
2781551	3
27816227	1
27849260	1
278781	1
27919460	1
2796016	2
27967988	1
28003582	2
28007250	1
28011170	1
28062101	1
28066144	1
28110320	1
28139398	1
28179295	1
2822168	1
28230503	1
2824920	1
282560	1
28304516	2
28375755	1
28379912	4
2840320	1
28432113	1
2843411	1
28529868	1
2854774	1
2855271	1
28646378	1
28648670	1
28653007	1
286545	1
28658052	1
28710626	1
28715163	2
28716982	1
287172	2
28723135	1
2874117	1
28770702	3
28772841	1
287962	2
2882219	1
28822480	1
28830264	2
28840161	1
2886900	1
28883039	1
28885639	1
28917785	1
28943976	1
2897522	1
28991907	1
29051256	4
29071188	1
2907322	1
2911360	11
2911433	1
29133654	2
29181914	1
292232	1
29224641	1
29230696	1
2929444	1
2931003	1
2934286	1
2942022	2
29448972	1
29480224	1
29481973	1
29483577	1
29529103	1
295367	1
29542578	1
29543440	1
29543681	1
29652358	1
29698708	1
29745749	1
29755473	1
29803546	1
29824474	1
2983711	1
29934463	1
29935483	1
29952162	2
29994384	1
30016584	1
3001712	1
30030857	1
30049045	1
30055689	1
3009864	1
3010798	1
301107	4
30112460	1
30115945	1
30129923	1
3018655	2
30199365	1
30221395	1
3022709	2
3023407	1
30248897	1
30283594	2
3029318	1
30308997	1
30318175	1
30322585	1
3032548	1
3040367	1
3041082	1
30421068	3
3047418	1
30499792	1
30550537	1
30559	5
30604	1
30609848	1
30653236	1
30667344	1
30734210	1
3074414	34
3078136	1
30793403	1
30802218	2
30804330	2
30832	2
30845951	1
30868481	1
308927	1
30911566	1
3097100	1
30979808	1
30988044	1
31032387	2
31032640	1
31036041	1
31037494	1
31106716	1
31108433	1
311363	1
31148752	10
3118422	1
31247796	1
31366898	5
3139639	1
31477848	1
31481	2
31483782	1
31490741	2
31509	4
3152296	2
316200	4
3163979	1
31659671	1
31664755	1
31668017	1
31669424	4
31672756	1
31684830	1
31730119	1
31751507	2
31752892	1
3178016	1
31800457	1
3181546	1
3187723	1
31883976	1
31887689	1
31916919	1
31926188	1
3197009	1
32005391	1
32008173	1
32013221	1
32020176	1
32052651	1
32059522	1
32069191	1
32069664	1
32081109	1
32090143	1
32099252	1
32134569	1
32154881	1
32197370	1
32222318	1
32232694	1
32238651	1
32276233	1
32307721	1
32377507	2
32381019	1
32394807	1
3240797	1
32426630	1
32433212	1
3246928	2
3252192	1
32522941	1
32532664	1
32546254	2
32552913	1
325970	2
32609589	1
32640082	1
3264544	1
326758	1
3267988	2
32689598	3
32713558	1
3271389	1
32725444	1
32807985	5
32842054	1
3286649	1
3291162	1
32916088	1
32932119	2
32940818	4
3294357	4
32998581	1
3302799	1
33030139	1
33039203	1
33065911	1
33085192	1
3313235	1
33147763	1
331573	1
33164719	1
3319535	1
3319942	1
33203690	1
33225983	2
3322742	1
33236866	1
33271187	1
3329218	1
33360	5
33367198	1
33515006	1
3352041	1
33524574	1
33524725	1
33529240	1
33530053	1
33601572	1
33601666	1
3365116	1
3365488	2
33676845	1
33698546	1
33705141	1
3371229	1
337474	1
3378506	1
3381100	1
3381463	1
3382100	1
33852132	1
33878833	1
33899676	1
33915019	1
33923879	4
33931765	1
3393825	2
33940698	1
33944952	2
33953025	1
3396093	2
34002693	1
3401560	1
340192	2
3401993	3
3404649	2
34049026	1
34051643	1
34068092	1
34143590	1
34189648	1
34219060	2
34225247	1
34238325	1
34279441	1
34297010	1
3431955	1
34321359	2
34363282	1
3436665	1
34370759	1
34392395	1
34397733	1
34409892	1
34411679	1
3443346	3
34472831	1
34487300	1
3452999	1
34556161	1
3458990	1
34596895	1
34605512	1
34609763	1
34656171	1
34664295	1
34665595	1
34689188	1
34700838	1
34779932	4
34793330	1
34818440	1
3483514	1
34859303	1
34872403	1
34923136	1
34943	1
3494510	1
34946797	1
34953514	1
34959604	1
3497328	4
34994802	1
3501660	1
35017566	1
3502513	1
35097157	1
35150457	1
351623	1
3520873	1
3521745	1
3521823	2
35242626	1
35246915	2
3526468	1
35316923	3
35324206	2
35324229	1
35326299	1
35332502	2
35354152	1
35386308	1
35396029	1
35408303	1
35425028	1
3543180	1
3543490	1
35444474	1
35492206	1
3550436	1
3551193	1
35566596	1
35574532	1
3563779	1
35643829	1
35662043	1
35674639	1
357277	1
35740581	1
35742272	1
35749	5
35804562	1
35826827	1
3584237	1
3586338	1
3587674	1
35905805	1
35935774	1
35961304	3
35976192	1
36057637	4
36063155	1
36085516	1
36130869	1
36174062	1
3618293	1
361961	1
3620313	1
3621132	1
36231919	1
3630696	1
3636326	1
36364039	1
36373396	1
3638194	2
36383359	1
36383433	2
3644622	1
36448928	1
36474358	1
36501296	1
3650148	2
3650951	1
36552763	1
3656709	1
365687	1
36574415	1
365852	1
36623453	1
36633617	2
36652734	1
36654052	1
36706828	1
36742703	1
3675357	1
3676438	1
36805437	1
3681393	2
3686989	1
36882932	1
36896503	1
36912090	1
36944932	1
3695109	1
36964583	2
36993883	1
36997320	1
37052599	1
37062229	1
37077010	1
37087453	1
37101658	1
37103749	1
3712110	1
37151043	1
37164701	3
37224930	1
37283489	1
3731681	1
37349992	1
37355259	1
3737272	1
37373833	1
37376726	1
3740080	1
3740695	2
37423892	1
37453523	1
374596	1
37461306	2
37479633	1
37483726	1
37512848	1
3751963	1
3752499	1
37525888	1
37584695	1
3761409	1
3768176	1
37686877	1
37691082	1
37718121	1
37720556	1
37723023	1
37727926	1
37795322	1
37801519	1
3781927	1
378445	1
3787979	2
37883624	1
37913323	1
3792761	4
37938910	1
37952534	2
379533	1
38014746	1
38023946	1
38027634	1
38032048	1
38033593	1
38039499	1
38089313	1
38090170	1
38176125	1
3819432	1
38206131	1
38224565	1
382286	1
38245647	2
38251968	1
38271728	1
3830187	1
383230	1
38351432	1
38360428	1
38370991	1
38387186	2
38387642	1
3839959	1
38404316	1
38407350	1
38414268	1
3844024	1
38463938	1
38471924	1
38474213	1
38502645	1
38514732	1
38562686	1
38607259	1
386308	1
38669130	1
38679095	1
38695481	1
38755112	1
38805374	1
38805757	1
38870313	1
38879108	1
38922755	1
3894778	2
3896863	1
39026781	1
3903203	1
39037843	1
3904755	1
3906464	1
3907188	1
39170884	1
391714	2
3921530	3
39243231	1
39284820	1
39289896	1
3929874	2
3932149	1
39377	3
39385924	2
3939559	1
39401590	1
394231	2
39455401	1
39456755	1
39472125	1
39472587	1
3948039	1
39485528	1
39486339	1
39525512	1
3954802	1
39549545	1
39607395	1
39663044	1
3969704	1
3973228	1
39743771	2
3975133	2
3976886	2
39772105	1
3979528	4
398005	1
398234	1
39833154	1
39839653	1
39845529	2
39863754	1
39878844	1
39884676	1
3991908	1
39941734	1
39969773	1
39970532	1
3997252	1
40032160	1
4006201	1
40122496	1
40134785	1
4016632	5
40215306	1
40298873	1
40321471	1
40335071	2
4041295	1
40415712	1
40433574	1
40439185	1
4047435	1
40548312	1
40550531	1
4057441	1
40594184	1
40604477	1
406209	1
40638620	1
406456	1
4071088	1
40716728	1
40733844	1
40746071	1
40753107	1
40817652	1
40861497	2
40879225	1
40885963	1
40912620	2
40912896	1
409899	1
41005568	1
41006774	1
4105278	1
41055891	1
41056418	1
41099211	1
4111150	1
41112217	1
41122913	2
41178788	1
41193990	1
41208377	1
41209589	2
4122018	2
41222154	1
4129144	2
41319913	1
41322124	1
41323391	1
41336393	1
4133860	2
4133943	1
41379323	3
41392507	1
41402752	1
4142902	1
4143171	2
41431805	1
41487433	1
41487915	1
41500170	1
4152568	1
4154214	1
4160438	1
41612343	1
41667612	1
41736327	1
41775435	3
4181120	1
4181260	2
41823177	1
4183116	2
4184301	1
41846073	1
4186078	1
4186082	1
41879983	1
41920475	1
41925688	1
4193	4
4193438	1
41935728	1
4194079	1
41958382	1
4196404	1
41969815	1
4199445	1
42046981	2
42047742	1
42050147	1
42063487	1
42146727	1
42273230	1
42305353	2
42317546	1
42393640	1
42415214	1
42419614	1
42436525	1
42446972	1
42494222	1
42509172	1
42515980	1
42518664	1
4252500	1
42529996	1
42532112	1
42537846	16
4255498	2
42591641	1
42607918	1
42608911	1
42612839	1
42627942	3
42640004	1
42645036	1
42693473	1
42719719	1
42724337	1
42782914	1
4283892	1
42865055	1
42873852	1
42931551	1
42931985	1
429330	1
42940083	1
42941938	1
42966608	1
4299635	1
43014741	1
43022479	1
43039185	1
43053036	1
430709	36
4308027	3
43121592	1
43124221	1
43134999	1
43137237	1
43141994	1
43144386	1
43220022	1
43225269	1
43226056	1
43229398	2
4328101	2
43281593	1
4335914	2
43423039	1
4342525	1
4343945	1
43483497	1
4349190	2
4351330	1
43526078	1
4359532	2
43606065	1
43608606	1
43625956	1
4366731	1
43689477	1
437055	1
43770930	1
43795299	1
43798906	2
43818412	1
43868016	1
43898988	1
43954674	3
43958809	1
43963978	1
4400148	1
4405122	2
44092821	1
44101586	1
44110991	1
4411144	9
44157998	1
44186779	1
44207072	1
44222821	1
44299760	1
44299926	1
44312115	2
4431710	1
4433456	1
44340751	1
44468692	1
44470118	1
4448620	1
44510434	1
44528586	1
44623605	1
44767474	1
44772726	1
44785869	1
44801828	1
44846373	1
4485033	1
4485958	2
44891644	3
44907	1
44977814	1
4500127	1
45025312	1
45032290	1
45036461	1
450548	3
45082636	1
45084253	1
45092482	2
45096683	1
45189332	1
45242470	1
45313817	1
4532827	1
45328434	1
453540	5
4540636	1
45437387	1
45479019	1
45544717	1
45599307	1
45601796	1
45617021	1
45697001	1
4570545	1
457358	1
45781945	1
45787692	1
45834046	1
45859720	1
45917623	1
45960572	1
46005243	2
46019955	1
46041428	1
46042257	1
4606439	1
4608651	1
4610250	1
46108145	1
46243391	2
46246090	1
4630668	1
46308811	1
4631742	2
46318353	4
46325167	1
46337971	1
4634468	1
46390650	1
46422666	1
46423635	1
46428878	1
46478451	1
46498552	1
4655433	1
46564179	1
46566046	1
46577793	1
46590482	1
46595747	1
4660603	1
46619432	1
46642481	1
466499	1
46675077	1
46678624	1
46719179	1
4678869	1
46795487	1
46798170	1
46865668	1
468703	2
46879	1
4694909	1
46954097	1
469819	1
4705328	1
47064683	1
47106886	1
471246	1
47151070	1
4716190	1
4726215	1
47266156	1
47267675	1
4729705	1
4730169	2
47332984	1
47394683	1
47402064	1
47418921	1
47428920	1
47432674	1
4746283	1
47477765	1
47573170	1
47588576	1
47593725	2
476303	1
47638002	1
47653354	1
47795073	1
47836649	1
47929873	1
47930029	1
4793121	1
47941400	1
47978936	1
48010503	1
48025941	1
4807375	1
48088339	1
4810767	1
48196470	1
48203627	1
48253149	1
48273510	2
48334442	1
48345118	1
48414763	1
48416955	1
48441443	3
48486517	1
48509183	1
4855968	1
486018	1
48604323	2
48610456	1
48638331	1
4873557	1
4874276	5
48784263	1
48789316	1
48792894	1
48823771	1
48891432	1
48964209	1
4901731	1
49026546	1
49123244	1
49182357	1
49196596	1
49220862	1
49259789	1
49265281	1
49275349	1
49292151	1
4930653	1
49310311	1
49310912	1
4933168	1
49371015	1
49380640	1
49432912	1
4944541	1
4950263	1
49515693	1
4955103	1
49560117	1
4962900	39
49644871	1
4970133	1
49732402	1
49761005	1
49799519	1
49825248	1
49834917	1
49890833	1
4993638	1
4994370	2
49993495	1
50064236	1
5008607	1
5011779	1
50133022	1
5014920	1
50159028	1
50201633	2
50224557	1
50225118	1
50236885	1
5029583	1
5038407	1
5040298	1
5040711	1
50487726	1
5049037	1
504978	2
50550045	6
50554731	1
50557855	2
50586425	1
50596206	1
5062312	1
5067360	2
5072241	1
50763436	1
5079733	1
50862682	1
50893	10
5090190	2
50913131	2
5091410	2
50915624	1
5091846	1
50943410	1
50987314	1
5098788	1
51081172	1
512084	1
512103	1
5124845	1
51256001	1
51344613	1
51372899	1
5137566	1
51433714	1
51461746	1
51554113	1
5164455	1
5177328	6
51860756	1
51875760	1
51946984	1
52012565	1
5203265	1
5214978	1
5215312	1
5222362	1
5241841	1
52463088	1
5246897	1
52580911	1
52603251	1
5260336	1
5267359	3
5269812	1
527224	1
5275075	1
52791370	1
5282519	1
5295850	1
52990042	1
5304351	1
53050	2
53050379	1
53065829	1
5312600	1
53169216	1
5320481	1
53208610	1
5325329	9
5325813	2
5326074	1
5333441	2
534305	2
534587	1
5365080	1
5371112	1
5387574	1
5388825	1
539515	1
5407579	1
541406	2
541908	1
5420191	1
5425175	1
5435488	1
5463707	1
5468524	1
5468952	1
5474268	1
5486919	1
5486995	1
5493132	1
5506237	3
5507055	2
5525120	1
5525234	1
554458	1
5544855	1
5548892	1
5551020	1
555957	3
5567436	1
5570496	1
5570855	2
558743	2
5589030	1
559827	2
560743	1
561271	1
5630551	1
5635244	2
5656763	1
5658605	1
566102	1
5662531	1
5679192	1
5680459	1
5681275	1
5707983	1
5720753	1
5721704	1
5724883	1
5730719	1
5736221	1
5744697	2
5774906	1
5776729	1
5779421	1
5787050	2
5790470	2
5791843	1
579854	1
5804983	1
5806502	1
5820099	7
58235	2
583579	1
5836283	1
584774	1
5856339	1
586610	1
5872109	1
5872728	1
587302	1
5884790	1
5887608	1
5889695	1
5894733	1
589855	1
5908266	1
5934694	1
5941255	1
594315	1
5946086	1
595074	1
595263	1
595610	2
5976789	1
5976835	1
597729	1
598892	1
5992456	1
601236	1
601266	1
601600	2
6031552	1
6033000	3
6034195	1
6046471	2
6047879	1
6057750	1
6074466	1
6082692	1
6092148	1
6097842	2
6117728	1
6120181	1
6136210	1
6137030	2
6146718	1
6152910	1
6162459	1
6162826	1
6170760	1
6179918	1
6184895	1
6207	1
621691	1
6218633	2
6223513	3
62386	4
627014	1
6278931	1
6281824	1
6288119	1
6291476	1
6296335	1
6305984	1
6307839	1
6327925	1
632896	1
6349747	1
6350194	1
6358721	1
6367857	1
6372203	6
6374498	2
6393323	1
6397518	1
640731	1
6407320	4
6421859	1
6428916	1
6431924	1
6432543	1
6432638	1
6433045	1
6453002	1
6458694	1
64929	1
6494908	1
64955	1
6506114	2
6530057	1
6531875	3
6533205	1
6544973	1
6549712	1
6561632	2
6565884	1
6568374	1
6569937	1
6576807	1
6577391	1
658155	12
6584748	2
6590511	2
6592975	1
6601753	1
66145	3
6614779	1
661691	4
6618367	1
6622693	1
6645401	1
6645576	1
6654033	1
6657721	1
6659833	1
6667088	1
6668610	1
6671256	1
6674981	1
6678025	1
6680836	1
668141	1
6719697	1
6725021	1
6727475	1
673805	1
6743367	1
6758953	1
6762829	1
680066	1
6807326	1
6807347	1
6808886	1
681242	1
68155	1
683617	1
68389	1
6846442	1
6857832	1
68641	1
6883532	1
6885026	4
6931145	1
6933188	1
6950390	1
6963318	2
696788	1
6979871	2
6985440	1
7053059	1
7057436	1
7076008	1
7096991	1
7118717	1
7129890	1
7178350	1
7182858	1
7207028	1
721070	1
7219180	1
7227474	1
7229462	1
7231139	1
7237936	1
724729	4
7271601	2
7274409	1
7290828	1
7307064	1
7317822	3
7319622	1
7325453	1
73359	2
7352976	1
7354306	18
7354398	1
7376011	1
737618	1
7379061	1
7402289	1
74305	33
7431966	1
7441000	1
7448641	1
7465403	1
7466082	1
7468167	1
7475488	1
7483949	1
748695	1
7488822	1
750650	1
7507895	1
753818	1
754810	10
7556974	1
755725	1
756099	1
759949	1
7606108	1
7611812	1
7612120	1
7613050	1
7633740	2
7637853	1
765012	1
7673693	5
7675473	3
767899	1
7688686	1
769622	1
7696606	1
7697138	1
7700277	1
7703876	1
7719034	1
7719433	1
7727480	1
7728376	1
7730805	2
7740890	1
7782878	1
7785901	3
7796684	1
7804761	1
7805364	1
780837	2
781716	1
7849723	1
791459	1
7940700	2
7942577	1
7942852	1
79450	2
7953876	1
7963866	1
7964921	2
7979440	1
7980977	2
798892	2
8012712	1
8021	2
8026420	2
804996	3
8053792	1
807116	2
8083183	1
8110932	1
811494	1
8115582	1
8117374	1
8117658	1
8118817	1
8136493	1
8141738	1
8154571	1
8200345	1
8201710	1
8204725	1
8206519	1
8242272	1
8243075	4
8245715	1
8246601	1
8263503	1
8266794	1
828164	1
8284327	3
8303342	1
830508	1
8306329	1
83099	1
8312164	1
8315334	3
832888	2
834328	1
8350163	1
8373933	1
8403307	2
841009	1
8414513	1
8422684	1
844971	1
8462864	1
8481644	1
8501598	1
8522646	1
8523373	1
8527472	1
8534462	46
8537839	1
8539521	2
8540901	1
8554626	2
8556853	1
8570233	1
8575503	1
8594245	1
8604548	1
8607308	1
8608392	1
8612866	1
8614915	1
8616799	1
8619798	1
862329	11
8635747	1
8637044	1
8642533	3
864962	1
8663396	1
867039	2
86885	1
8688905	1
8736485	1
8739320	1
8758451	2
8758664	1
87587	2
8759150	1
8784863	1
8786233	2
8798441	1
880937	1
881457	1
8815032	1
8838512	1
884680	1
8849839	1
8873662	1
8880117	1
8899401	1
8904778	1
8904803	1
8905591	1
8916363	1
8920586	1
8932486	4
8939715	1
895223	1
8956137	4
8977034	3
8986560	1
8993	1
8993600	1
900531	2
9016477	1
9029689	1
9031463	1
90437	1
9046761	1
9058822	4
9059113	2
9060841	1
9077850	1
9091378	1
9126744	1
91286	1
9148911	1
9176068	1
919364	1
919431	1
9195336	1
9207095	4
923095	2
9232171	2
9233051	1
9263662	2
9271799	1
9281127	1
9318707	1
9320574	1
9330646	2
9337200	1
934641	3
9354671	1
9361239	1
9365736	1
937951	3
941389	1
9423731	2
9435135	1
9435688	1
943663	1
943847	1
9444970	1
9447483	1
9450725	1
9453180	1
9455871	2
9465817	1
946910	2
9469827	2
9484575	1
9484588	1
9499722	1
9508208	1
9510212	1
9519939	1
9520139	1
9523916	1
9533123	1
9545321	1
95510	1
9555890	5
9555983	2
9560339	1
9565783	1
956883	3
9577961	2
9582031	1
9600245	1
9614304	1
964658	1
9671018	1
9671138	1
9690840	2
9691769	1
971336	1
9730643	1
9742904	1
9759010	1
9763076	1
9783390	1
9791687	1
9792669	1
9813203	2
9817041	1
9835237	1
983759	1
9838821	1
9840816	1
9843873	1
9858405	1
9890727	1
9893268	1
9893440	1
990195	1
990692	1
9929496	1
9931335	1
9951683	1
9975709	1
9995182	1
host_id	1
