	0.0	0	0.0
10000273	0.0	0	0.0
1000883	300.0	36	9.863014
10012724	4.1666665	2	0.5479452
10015967	0.0	0	0.0
10019082	0.0	0	0.0
10020221	4.5833335	1	0.2739726
10020782	0.0	0	0.0
10022421	0.0	0	0.0
10023353	0.0	0	0.0
10026648	0.0	0	0.0
1002835	135.0	12	3.287671
10031055	0.0	0	0.0
10035274	0.0	0	0.0
10035644	0.0	0	0.0
10036903	0.0	0	0.0
1003890	1188.0	144	39.452057
10043487	0.0	0	0.0
10060388	0.0	0	0.0
10060674	0.0	0	0.0
10068879	0.0	0	0.0
10076279	0.0	0	0.0
10077121	0.0	0	0.0
1009838	793.3333	112	30.68493
10104370	0.0	0	0.0
10106055	0.0	0	0.0
10108451	0.0	0	0.0
10118341	17.5	3	0.8219178
1012003	230.0	24	6.575342
10121329	0.0	0	0.0
10122924	0.0	0	0.0
10123910	0.0	0	0.0
10124808	0.0	0	0.0
10125020	0.0	0	0.0
10126050	0.0	0	0.0
10126199	0.0	0	0.0
10132385	0.0	0	0.0
10135378	0.0	0	0.0
10135468	0.0	0	0.0
10136155	0.0	0	0.0
10139271	0.0	0	0.0
10140582	0.0	0	0.0
10141859	0.0	0	0.0
10156116	0.0	0	0.0
10157690	0.0	0	0.0
10157880	0.0	0	0.0
10170577	0.0	0	0.0
10170744	0.0	0	0.0
1018204	368.66666	79	21.643835
10183490	0.0	0	0.0
10188794	0.0	0	0.0
10191917	0.0	0	0.0
10192213	0.0	0	0.0
10204689	0.0	0	0.0
10205366	0.0	0	0.0
10208623	0.0	0	0.0
10210625	0.0	0	0.0
10210971	0.0	0	0.0
10211609	0.0	0	0.0
10211716	0.0	0	0.0
10211928	0.0	0	0.0
1022135	131.25	21	5.7534246
10229434	0.0	0	0.0
10231701	0.0	0	0.0
10234558	0.0	0	0.0
10235014	0.0	0	0.0
10235136	0.0	0	0.0
1023693	2280.8333	238	65.205475
10247453	0.0	0	0.0
10248139	1.8333334	1	0.2739726
10249527	0.0	0	0.0
10250735	0.0	0	0.0
10252110	0.0	0	0.0
10262971	0.0	0	0.0
10265391	0.0	0	0.0
10267360	0.0	0	0.0
10272763	0.0	0	0.0
10273158	0.0	0	0.0
10274175	0.0	0	0.0
1027860	350.0	14	3.8356164
10279830	0.0	0	0.0
10281965	0.0	0	0.0
10292753	0.0	0	0.0
10295151	0.0	0	0.0
1029680	250.0	6	1.6438355
10299108	0.0	0	0.0
10299195	0.0	0	0.0
1030411	150.0	9	2.4657536
1030615	1314.1666	166	45.479454
10309898	0.0	0	0.0
10310373	0.0	0	0.0
10318171	0.0	0	0.0
10319529	0.0	0	0.0
10331249	0.0	0	0.0
10332096	0.0	0	0.0
10334184	0.0	0	0.0
10339144	0.0	0	0.0
10339145	0.0	0	0.0
10340165	0.0	0	0.0
103466	3090.0	309	84.65753
10385	740.0	148	40.547947
103908	93.333336	8	2.1917808
103920	58.75	3	0.8219178
1039766	735.0	147	40.27397
1042022	2187.5	210	57.53425
1043194	918.75	63	17.260275
1048798	2279.0	212	58.08219
1049293	72.916664	7	1.9178082
1055661	317.5	30	8.219178
1060467	2015.0	186	50.9589
1063855	618.75	33	9.041096
10695	218.0	24	6.575342
1069562	310.41666	25	6.849315
107046	1540.0	66	18.082191
1071843	2137.5	270	73.9726
107962	2650.0	318	87.12328
1080097	1241.6666	100	27.39726
1084046	302.5	22	6.027397
1084084	238.33333	20	5.479452
108468	197.5	6	1.6438355
108765	711.6667	70	19.178082
1090307	1471.5	162	44.38356
1090449	3037.5	270	73.9726
1095207	83.333336	4	1.0958904
1097520	1380.0	180	49.315067
1097766	45.833332	10	2.739726
1100686	648.0	144	39.452057
1100714	1675.0	268	73.42465
11012	3642.5	141	38.63014
1107845	1100.0	165	45.20548
1110749	3683.3333	136	37.260273
1112092	845.0	78	21.369862
1114695	775.8333	38	10.410959
1118153	365.75	77	21.09589
1122236	892.5	90	24.657534
1123977	700.0	56	15.342465
1133329	832.0	128	35.068493
1136522	287.5	30	8.219178
1136984	2437.5	195	53.424656
113951	625.0	30	8.219178
11411	470.0	94	25.753424
1141226	826.5	57	15.616438
1142039	83.333336	20	5.479452
1145148	541.6667	26	7.1232877
1145590	800.0	24	6.575342
1145941	2557.8333	206	56.43836
1146966	725.0	174	47.67123
1147349	293.33334	32	8.767123
1148517	1087.5	90	24.657534
1150519	416.66666	20	5.479452
1157083	1102.5	54	14.794521
1159111	1581.0	93	25.47945
1159226	609.0	42	11.506849
116221	875.0	75	20.547945
1163345	1506.9166	107	29.31507
1167507	1118.3334	122	33.424656
1171574	1711.6666	316	86.57534
117165	1700.0	204	55.89041
1175308	233.33333	28	7.6712327
117862	364.16666	38	10.410959
1179538	13.333333	2	0.5479452
1184846	960.0	96	26.301369
1187735	1250.0	60	16.438356
1190224	70.0	14	3.8356164
1190571	45.0	9	2.4657536
119103	4147.5	630	172.60274
1198799	221.66667	38	10.410959
1198884	2362.5	189	51.78082
1200083	173.33333	20	5.479452
1200829	333.33334	40	10.958904
1204142	2208.0	192	52.602737
1205666	912.5	146	40.0
1209255	2691.6667	76	20.821918
1209447	162.16667	14	3.8356164
1214306	1128.0	188	51.506847
1214316	394.25	83	22.739727
1219691	456.16666	46	12.602739
1220471	250.0	12	3.287671
1220816	415.33334	56	15.342465
1223644	1995.0	266	72.87671
1225820	524.1667	74	20.273973
1244053	720.0	96	26.301369
1246117	900.0	54	14.794521
1246769	4966.5	462	126.57534
1246809	421.33334	64	17.534246
1249060	524.1667	74	20.273973
1251707	20.166666	2	0.5479452
1251763	11.0	1	0.2739726
1251813	14.166667	1	0.2739726
1252147	1133.3334	68	18.630136
1252740	770.0	132	36.164383
1256883	544.5	66	18.082191
1256892	1566.6666	188	51.506847
1259305	145.83333	7	1.9178082
1260259	800.0	64	17.534246
1263470	100.0	12	3.287671
1264287	1631.25	87	23.835615
1266459	225.0	18	4.931507
1273432	962.5	42	11.506849
1277033	600.0	96	26.301369
1279660	1922.25	233	63.835613
1301535	778.75	89	24.383562
1305009	183.33333	44	12.054794
13068	2340.0	78	21.369862
1307898	2400.0	64	17.534246
1317919	0.0	0	0.0
1321090	2850.0	360	98.630135
132120	641.6667	70	19.178082
132160	4893.75	405	110.95891
1323446	1135.1666	139	38.08219
1323634	7.4166665	1	0.2739726
1328159	232.75	57	15.616438
1340668	87.75	27	7.3972607
134091	1050.0	84	23.013699
1343805	216.66667	26	7.1232877
1348777	175.0	14	3.8356164
1349175	2106.6667	316	86.57534
1351716	2297.6667	226	61.917805
1354750	342.33334	52	14.246575
1355094	759.3333	134	36.712326
1356339	1209.8334	122	33.424656
1364440	183.33333	40	10.958904
136480	368.33334	68	18.630136
1377812	2062.5	110	30.136988
1386306	346.5	63	17.260275
1392332	2391.6667	82	22.465754
139463	1440.8334	182	49.863014
140331	682.0	93	25.47945
1404307	312.5	30	8.219178
1407502	225.0	36	9.863014
1416279	1051.25	87	23.835615
1416763	700.0	56	15.342465
1417880	228.25	33	9.041096
1427103	625.4167	79	21.643835
1428687	720.0	64	17.534246
1429904	1100.0	132	36.164383
1432713	1420.0	142	38.90411
1433440	151.66667	28	7.6712327
143580	2975.0	476	130.41095
143704	3710.5	543	148.76712
14386	100.0	30	8.219178
1439237	937.6667	116	31.78082
1442973	245.0	28	7.6712327
1450262	1843.75	75	20.547945
1455269	1686.6666	176	48.219177
1455908	720.0	64	17.534246
1457330	146.66667	8	2.1917808
1461971	258.0	24	6.575342
146301	337.5	30	8.219178
1472532	1206.6666	181	49.589043
1476298	1133.3334	170	46.575344
1483944	448.0	56	15.342465
1484651	612.5	49	13.424657
1488166	3008.3333	76	20.821918
1493197	1008.3333	44	12.054794
1494828	2531.25	243	66.57534
149489	0.0	0	0.0
1494986	362.5	30	8.219178
1495271	98.333336	4	1.0958904
1499596	225.0	12	3.287671
15108	210.0	42	11.506849
1511620	130.66667	32	8.767123
1513847	666.6667	40	10.958904
1520449	114.333336	28	7.6712327
1520501	65.333336	16	4.3835616
1520533	163.33333	40	10.958904
1520549	86.666664	16	4.3835616
1520581	195.0	36	9.863014
1520593	263.33334	40	10.958904
1521633	226.66667	32	8.767123
1525972	981.6667	62	16.986301
1531458	253.75	29	7.945205
1534622	156.0	48	13.150684
1537246	1911.25	165	45.20548
1538865	360.0	48	13.150684
1539463	375.0	60	16.438356
1539476	1175.0	188	51.506847
153967	526.5	54	14.794521
1541705	114.333336	28	7.6712327
1545801	622.9167	23	6.3013697
1547337	950.0	114	31.232876
1549973	91.0	14	3.8356164
1556170	782.0	136	37.260273
1557314	35.0	4	1.0958904
1561256	480.0	60	16.438356
1562643	498.33334	23	6.3013697
1566487	684.6667	104	28.49315
1571230	170.0	24	6.575342
157939	806.6667	88	24.109589
1579615	711.3333	88	24.109589
1583047	77.0	12	3.287671
158345	2539.1667	554	151.78082
1589461	131.25	15	4.109589
158953	12.5	2	0.5479452
1589681	60.0	9	2.4657536
1593939	316.25	69	18.90411
1593991	575.0	46	12.602739
1594219	451.5	63	17.260275
1594313	272.0	48	13.150684
1594328	183.0	18	4.931507
1594412	20.833334	2	0.5479452
1599856	2875.0	276	75.61644
1601714	5063.3335	490	134.24658
160222	971.6667	106	29.041096
1602421	67.5	18	4.931507
1602488	934.1667	118	32.328766
1606171	1051.3334	332	90.95891
1609922	1300.0	104	28.49315
1614502	887.5	142	38.90411
1618842	1820.8334	230	63.013695
1622794	2416.6667	200	54.79452
1623894	1571.6666	164	44.931507
1633025	561.0	132	36.164383
1633986	530.6667	32	8.767123
1651324	1320.0	176	48.219177
1652097	155.83333	22	6.027397
1652107	816.6667	56	15.342465
1672979	204.0	36	9.863014
1684236	1633.3334	196	53.698627
1686930	821.5	62	16.986301
1686958	0.0	0	0.0
1692318	324.0	36	9.863014
1696015	1406.25	45	12.328767
1696194	418.0	22	6.027397
1702092	165.0	12	3.287671
170273	4500.0	240	65.753426
170469	0.0	0	0.0
1707064	1246.0	168	46.027397
1709737	1000.0	48	13.150684
1715582	270.83334	50	13.69863
1716901	318.75	45	12.328767
1724849	252.08333	11	3.0136986
1732280	89.0	12	3.287671
1732441	680.0	96	26.301369
1733747	246.0	41	11.232877
1737244	56.833332	11	3.0136986
1738425	276.0	46	12.602739
173896	1190.0	204	55.89041
1742425	760.0	96	26.301369
174636	234.66667	32	8.767123
1747184	1960.0	48	13.150684
1750010	325.0	12	3.287671
1750681	346.66666	80	21.917809
175576	4298.75	543	148.76712
1758935	1064.3334	206	56.43836
1761870	0.0	0	0.0
1762354	720.0	72	19.726028
1763809	790.8333	146	40.0
1764233	84.0	24	6.575342
176678	608.0	114	31.232876
1768883	525.0	36	9.863014
1772119	657.3333	136	37.260273
1773803	919.6667	124	33.972603
1775016	441.08334	67	18.356163
1777158	214.66667	28	7.6712327
1778989	530.0	53	14.520548
1781723	173.33333	40	10.958904
1781873	912.0	114	31.232876
1782140	717.75	87	23.835615
1783382	375.0	30	8.219178
1786923	135.0	18	4.931507
178844	26.666666	4	1.0958904
1789341	488.75	51	13.972603
1790020	1431.4166	193	52.87671
1793138	83.416664	13	3.5616438
17951	332.5	42	11.506849
1796217	795.0	36	9.863014
1796302	1625.0	300	82.19178
1796861	781.6667	28	7.6712327
1797207	295.5	18	4.931507
1799255	825.0	110	30.136988
1802663	816.6667	98	26.849314
1806899	700.0	140	38.356163
180939	1472.5	186	50.9589
1815304	1830.1666	278	76.16438
1815472	937.5	75	20.547945
1815677	1207.5	126	34.52055
1817878	160.0	12	3.287671
1818754	0.0	0	0.0
1818768	653.3333	112	30.68493
1820794	1749.0	212	58.08219
1826155	1387.5	150	41.09589
182716	735.0	126	34.52055
1827586	1062.5	34	9.315068
1828232	66.666664	8	2.1917808
1831338	140.25	17	4.657534
1833250	586.6667	22	6.027397
1840671	90.75	11	3.0136986
1844791	1268.75	87	23.835615
1851837	71.25	9	2.4657536
1851863	443.33334	56	15.342465
1856253	125.0	30	8.219178
1856851	326.25	45	12.328767
1856970	2135.0	366	100.273964
1857141	421.66666	44	12.054794
186328	62.5	3	0.8219178
1872885	306.25	35	9.589041
1880734	833.3333	40	10.958904
1882316	2303.25	111	30.410961
1885801	0.0	0	0.0
189156	1342.6666	212	58.08219
1897000	193.75	15	4.109589
1898511	170.0	34	9.315068
1900698	675.0	162	44.38356
1901706	581.25	45	12.328767
1905473	37.5	6	1.6438355
1909058	1160.0	174	47.67123
190984	935.0	102	27.945206
1914051	1254.0	132	36.164383
1920477	150.0	24	6.575342
1925661	149.5	46	12.602739
1928010	869.0	132	36.164383
193371	312.5	25	6.849315
1935439	24.5	6	1.6438355
193836	613.3333	92	25.205479
1940787	75.0	6	1.6438355
194313	1105.5	134	36.712326
1944596	248.91667	29	7.945205
1950012	141.66667	34	9.315068
1950446	1462.0	136	37.260273
1954452	18223.334	994	272.32877
1956094	580.8333	82	22.465754
1956274	1500.0	144	39.452057
1956553	855.0	108	29.589043
19611	463.66666	52	14.246575
1961671	666.6667	40	10.958904
19619	410.83334	34	9.315068
1961950	140.25	17	4.657534
19623	1178.0	76	20.821918
1970725	1182.5	129	35.34247
1974131	3640.0	364	99.72603
1976382	634.6667	64	17.534246
1978743	710.5	98	26.849314
1980283	1122.0	136	37.260273
1980395	419.33334	34	9.315068
1983713	308.75	39	10.684931
1984692	145.83333	10	2.739726
1984962	540.8333	22	6.027397
2004931	1336.0	96	26.301369
2011193	166.66667	8	2.1917808
2016613	1200.0	48	13.150684
2020505	2236.5	189	51.78082
202174	371.0	28	7.6712327
202251	522.5	33	9.041096
202260	993.8333	134	36.712326
2026794	450.0	100	27.39726
2027236	720.0	144	39.452057
2032805	606.6667	104	28.49315
2033191	2475.0	165	45.20548
2037250	575.0	69	18.90411
2039149	2268.75	121	33.150684
2051658	443.33334	28	7.6712327
2056276	6.25	1	0.2739726
2060441	725.0	20	5.479452
2061463	6.25	1	0.2739726
206781	900.0	90	24.657534
2068301	490.0	42	11.506849
2069917	207.0	36	9.863014
2071305	151.25	33	9.041096
2075094	198.33333	35	9.589041
208356	3515.5	474	129.863
208670	2197.0	156	42.739723
20868	2077.8333	182	49.863014
20927	3619.3333	488	133.69862
20928	579.3333	88	24.109589
210316	238.33333	44	12.054794
2103939	577.5	99	27.123287
2110357	1575.75	191	52.328766
2112625	168.0	36	9.863014
2130652	2400.0	192	52.602737
2134911	79.166664	10	2.739726
2149219	565.5	39	10.684931
2150760	666.6667	80	21.917809
2154617	1987.5	159	43.56164
215882	2953.5	358	98.08219
2158992	513.3333	56	15.342465
215954	137.75	19	5.2054796
217142	1566.6666	94	25.753424
2186330	612.3333	44	12.054794
218741	862.5	115	31.506847
2187563	986.6667	74	20.273973
2187906	87.5	21	5.7534246
2191169	426.0	36	9.863014
2191633	127.0	12	3.287671
2194715	341.66666	50	13.69863
219532	1879.1666	82	22.465754
2197168	1777.5	158	43.28767
2197982	960.0	144	39.452057
2203983	386.66666	58	15.89041
2208757	0.0	0	0.0
2211594	1449.0	138	37.80822
2215336	99.0	12	3.287671
2217257	843.75	81	22.19178
2238105	2066.6667	248	67.945206
224763	335.25	27	7.3972607
2249292	393.75	63	17.260275
2256124	765.0	108	29.589043
2260626	394.16666	86	23.561646
2263643	389.5	114	31.232876
226536	95.833336	25	6.849315
226677	560.0	96	26.301369
2267088	1100.0	120	32.876713
2268329	124.583336	23	6.3013697
2274086	140.25	17	4.657534
227636	2620.0	262	71.78082
2277640	1275.6666	172	47.12329
2284536	1831.5	222	60.821922
2297917	468.75	45	12.328767
2298775	115.0	23	6.3013697
2303981	66.0	8	2.1917808
2309250	724.5	46	12.602739
231097	1351.5	318	87.12328
23192	208.25	21	5.7534246
2332949	1203.3334	38	10.410959
233502	5.0	1	0.2739726
23356	322.5	18	4.931507
2339333	525.0	18	4.931507
23430	392.33334	44	12.054794
234898	1840.0	276	75.61644
2350464	2125.0	34	9.315068
2352218	626.6667	94	25.753424
2357110	48.333332	4	1.0958904
2367298	2343.5	218	59.72603
2373176	1404.0	144	39.452057
2385623	383.33334	46	12.602739
2386589	479.16666	46	12.602739
2387265	0.0	0	0.0
2387605	350.75	61	16.712328
2391699	446.33334	103	28.21918
23919	247.5	18	4.931507
2392869	2359.1667	190	52.054794
2396734	1523.75	69	18.90411
2399736	2025.0	162	44.38356
2406966	645.0	60	16.438356
240920	168.75	45	12.328767
241016	325.83334	34	9.315068
241032	1466.25	207	56.71233
2412633	109.0	12	3.287671
2413338	375.0	36	9.863014
2418658	1743.75	135	36.9863
2419879	450.0	18	4.931507
2420536	437.0	76	20.821918
24212	845.8333	58	15.89041
2426152	0.0	0	0.0
2441908	1430.6666	148	40.547947
244499	708.3333	68	18.630136
2459519	2437.5	39	10.684931
2467550	0.0	0	0.0
2471659	1333.3334	160	43.835617
2471731	150.0	30	8.219178
2472850	910.0	56	15.342465
2474569	184.16667	34	9.315068
2481189	2517.5	106	29.041096
2481869	1108.3334	76	20.821918
2484067	166.75	29	7.945205
2486612	606.6667	65	17.80822
2487892	437.5	75	20.547945
2488228	1196.0	208	56.9863
2489283	325.0	20	5.479452
2489339	322.5	18	4.931507
2492143	142.5	18	4.931507
2493658	800.0	64	17.534246
2494157	520.0	24	6.575342
2500188	620.0	48	13.150684
25002	2525.0	404	110.68493
2508065	107.5	10	2.739726
2515795	1100.0	66	18.082191
2516391	360.0	32	8.767123
251922	2836.5	366	100.273964
2520890	426.66666	64	17.534246
2522091	1072.5	66	18.082191
2525172	603.0	108	29.589043
2526129	168.75	9	2.4657536
2526405	1900.0	285	78.08219
2532879	990.0	108	29.589043
2536507	866.25	105	28.767124
2539881	26.333334	4	1.0958904
254340	2042.5	258	70.68494
2556794	36.666668	8	2.1917808
2557712	1166.6666	70	19.178082
257140	683.3333	40	10.958904
2577625	337.5	45	12.328767
2584354	656.25	63	17.260275
258571	3660.3333	556	152.32877
2586350	1190.0	136	37.260273
2586642	550.0	44	12.054794
2593176	793.3333	136	37.260273
2593263	598.0	104	28.49315
2605975	216.66667	52	14.246575
260613	607.5	54	14.794521
2610187	65.0	12	3.287671
26116	3648.3333	220	60.273975
2612025	307.5	82	22.465754
2612399	1224.5	186	50.9589
2614387	1642.6666	256	70.136986
261912	1633.3334	112	30.68493
2620429	4095.0	252	69.0411
2621746	874.5	106	29.041096
262764	128.33333	10	2.739726
2628010	1010.1667	58	15.89041
2630912	14.166667	1	0.2739726
2638086	350.0	30	8.219178
2642359	240.91667	59	16.164383
264829	563.75	41	11.232877
2650482	375.0	20	5.479452
2652941	585.8333	74	20.273973
265901	86.25	15	4.109589
2660384	1025.0	123	33.69863
2670365	465.83334	86	23.561646
2686374	2048.75	165	45.20548
2686624	637.5	90	24.657534
2686659	728.3333	92	25.205479
2687172	155.83333	22	6.027397
2688555	3416.6667	164	44.931507
2691273	131.25	9	2.4657536
2692126	1770.0	177	48.49315
2693137	430.16666	89	24.383562
2693700	1197.9166	125	34.246574
2695493	427.5	54	14.794521
270370	0.0	0	0.0
2710274	845.6667	172	47.12329
271509	350.0	24	6.575342
2715623	333.0	27	7.3972607
2720963	1187.5	15	4.109589
2721575	1219.1666	154	42.19178
2723368	179.16667	43	11.780823
2727808	1377.5	174	47.67123
2727938	275.0	30	8.219178
2727984	27.5	2	0.5479452
2729077	0.0	0	0.0
2731253	2612.25	243	66.57534
2736961	427.5	54	14.794521
2737012	1148.3334	212	58.08219
2737038	362.5	58	15.89041
2746782	1635.0	218	59.72603
2749725	962.5	66	18.082191
2755730	2187.5	150	41.09589
2760901	476.0	48	13.150684
2761092	130.0	20	5.479452
2762241	750.0	90	24.657534
2763078	565.8333	97	26.575342
2764126	4062.5	390	106.84931
2769088	220.0	24	6.575342
277416	918.8333	74	20.273973
2776890	486.5	42	11.506849
2778101	487.5	30	8.219178
278192	92.166664	14	3.8356164
278830	1425.0	38	10.410959
279063	2180.5	294	80.54794
2800448	173.33333	32	8.767123
2802844	240.0	32	8.767123
2804399	420.0	56	15.342465
2808357	0.0	0	0.0
2809796	258.75	45	12.328767
281208	1323.0	81	22.19178
281789	41.25	5	1.369863
2818292	113.333336	16	4.3835616
2818420	59.333332	8	2.1917808
2822984	83.333336	20	5.479452
2825852	11027.333	952	260.8219
282934	3114.5833	325	89.0411
2830174	130.0	26	7.1232877
2836237	110.0	12	3.287671
284087	3281.25	225	61.643833
284480	0.0	0	0.0
284813	742.0	56	15.342465
2856806	43.75	3	0.8219178
2858482	201.66667	44	12.054794
286080	758.3333	52	14.246575
2865992	806.6667	110	30.136988
286712	1417.0	78	21.369862
2868006	40.0	8	2.1917808
2875975	16.666666	1	0.2739726
2881446	412.5	33	9.041096
2882641	1155.0	84	23.013699
2897897	1181.25	75	20.547945
2898401	350.0	42	11.506849
2898954	207.0	36	9.863014
2905375	275.16666	26	7.1232877
2906694	391.5	58	15.89041
2909809	121.0	11	3.0136986
2919571	160.0	6	1.6438355
2923529	1155.0	126	34.52055
2926776	87.5	7	1.9178082
2931922	120.833336	10	2.739726
2933877	258.75	27	7.3972607
2934389	2557.5	330	90.41096
2935486	1416.6666	68	18.630136
293890	253.33333	38	10.410959
2943860	682.5	42	11.506849
2944021	743.75	51	13.972603
2950213	1166.6666	70	19.178082
2955782	1665.0	148	40.547947
2958318	0.0	0	0.0
2966415	247.5	54	14.794521
2969955	50.0	4	1.0958904
2970666	799.3333	88	24.109589
2976798	390.0	72	19.726028
2978929	750.0	90	24.657534
2979387	1168.75	51	13.972603
2980762	238.33333	44	12.054794
2986056	53.333332	16	4.3835616
2989758	1000.0	96	26.301369
2994309	2396.25	213	58.356167
2995996	1530.0	108	29.589043
299817	364.58334	35	9.589041
3004007	958.3333	92	25.205479
3005854	17.5	5	1.369863
301059	330.0	24	6.575342
3022564	1905.0	254	69.58904
3024336	1333.3334	80	21.917809
3025456	350.0	70	19.178082
3031415	2452.0833	107	29.31507
3033913	218.75	25	6.849315
3038772	788.3333	172	47.12329
3039438	116.25	15	4.109589
3040278	5642.0	312	85.47945
3041619	3687.5	150	41.09589
3050140	810.0	108	29.589043
3052151	221.66667	38	10.410959
3053237	2110.8333	170	46.575344
3061918	300.0	40	10.958904
3066740	340.0	6	1.6438355
30712	1200.0	192	52.602737
3076065	840.0	45	12.328767
3085726	17.5	3	0.8219178
3096191	100.0	8	2.1917808
3115801	82.5	10	2.739726
3120652	465.0	45	12.328767
3121829	50.0	6	1.6438355
3123041	987.5	158	43.28767
3123632	666.6667	40	10.958904
3124383	216.33333	44	12.054794
3124961	37.5	2	0.5479452
3126153	9.583333	1	0.2739726
3139847	917.0833	71	19.452055
3139972	202.5	81	22.19178
314180	3000.0	120	32.876713
3143227	641.6667	140	38.356163
3144311	453.33334	80	21.917809
3144597	405.0	90	24.657534
3146212	1040.0	156	42.739723
3147706	254.58333	47	12.876712
315120	1479.1666	142	38.90411
3155785	20.333334	4	1.0958904
3157738	291.66666	20	5.479452
3158210	466.66666	40	10.958904
3158243	238.33333	26	7.1232877
3168651	240.0	32	8.767123
317248	660.0	33	9.041096
3177005	99.5	6	1.6438355
3186785	128.33333	22	6.027397
3193738	175.0	14	3.8356164
319768	281.25	25	6.849315
3200646	600.0	160	43.835617
3206305	435.0	58	15.89041
320704	2619.0	324	88.76712
3208330	736.6667	104	28.49315
3208667	217.0	42	11.506849
3209633	550.0	88	24.109589
3209964	4.5833335	1	0.2739726
3215404	228.08333	23	6.3013697
3226793	62.5	10	2.739726
3231850	1400.0	168	46.027397
3237501	450.0	60	16.438356
3238295	585.0	52	14.246575
3242247	377.0	52	14.246575
3242605	545.0	109	29.863014
3245876	462.0	84	23.013699
3246706	420.0	126	34.52055
3250577	32.5	5	1.369863
3251016	664.0	32	8.767123
3251069	54.5	6	1.6438355
3254956	301.0	28	7.6712327
3258213	440.0	88	24.109589
3258386	425.0	60	16.438356
3258585	393.33334	59	16.164383
3263071	120.416664	17	4.657534
3263722	380.0	24	6.575342
3265292	1755.0	162	44.38356
3269390	1828.75	231	63.28767
3270492	981.6667	124	33.972603
3272374	125.0	20	5.479452
3273240	1458.3334	70	19.178082
3279728	337.5	27	7.3972607
3281072	525.0	42	11.506849
3282000	450.41666	47	12.876712
3282760	0.0	0	0.0
3291295	174.16667	22	6.027397
3291777	110.833336	14	3.8356164
3293438	1246.6666	176	48.219177
3294243	675.0	54	14.794521
3294804	337.16666	34	9.315068
3303376	250.0	40	10.958904
3303857	364.16666	46	12.602739
3303978	520.0	78	21.369862
3308825	216.66667	20	5.479452
3308979	6500.0	80	21.917809
3312406	1417.0	156	42.739723
3316219	1015.8333	106	29.041096
3317940	637.5	90	24.657534
3319386	1183.0	84	23.013699
3329962	437.5	50	13.69863
3333971	1196.25	99	27.123287
3334052	454.66666	88	24.109589
3335	0.0	0	0.0
3344977	373.33334	56	15.342465
3345341	4495.5	54	14.794521
3352685	333.33334	20	5.479452
3354614	604.1667	58	15.89041
3354761	285.0	36	9.863014
3372535	281.25	75	20.547945
3379116	2150.0	86	23.561646
3380159	1658.3334	100	27.39726
338043	83.333336	8	2.1917808
338091	1575.0	84	23.013699
3382533	1250.0	100	27.39726
3383329	1733.75	219	60.000004
3385421	8633.5	186	50.9589
3386862	1950.6666	154	42.19178
3394338	500.0	40	10.958904
3394837	245.0	21	5.7534246
3394936	280.0	24	6.575342
3396140	450.0	72	19.726028
3401644	62.5	5	1.369863
3402376	220.0	16	4.3835616
3403638	80.0	24	6.575342
3403858	666.6667	40	10.958904
3404557	80.0	24	6.575342
3404700	595.8333	110	30.136988
3404914	0.0	0	0.0
340706	1778.3334	194	53.150684
3412630	1560.0	96	26.301369
3413183	45.833332	1	0.2739726
341454	0.0	0	0.0
3416217	1317.5	93	25.47945
3416590	580.0	48	13.150684
3418230	275.0	33	9.041096
3418349	948.75	115	31.506847
3422894	132.0	18	4.931507
3424114	53.333332	16	4.3835616
3424242	93.333336	28	7.6712327
3424991	586.6667	110	30.136988
3426639	733.6667	142	38.90411
3434459	37.5	10	2.739726
3441402	574.1667	106	29.041096
3446274	332.5	38	10.410959
3449059	1104.0	92	25.205479
3456599	495.83334	70	19.178082
3463245	363.33334	40	10.958904
3468261	221.66667	14	3.8356164
3479241	333.33334	32	8.767123
3479851	105.0	14	3.8356164
3487824	925.75	161	44.10959
3488436	375.0	60	16.438356
3489083	60.0	5	1.369863
3489837	66.666664	4	1.0958904
3490239	350.0	28	7.6712327
3494608	559.5833	85	23.287672
3497530	29.166666	1	0.2739726
3498114	373.33334	64	17.534246
3504521	375.0	50	13.69863
3505739	612.75	57	15.616438
3510818	665.0	57	15.616438
3518808	866.6667	104	28.49315
3522409	340.75	29	7.945205
3528627	116.666664	20	5.479452
3529563	0.0	0	0.0
353039	697.5	54	14.794521
353110	495.0	44	12.054794
3531616	431.66666	74	20.273973
3533112	600.0	36	9.863014
3533224	793.3333	136	37.260273
353347	2416.6667	145	39.72603
3534364	583.3333	70	19.178082
3534444	75.0	3	0.8219178
3535171	190.66667	44	12.054794
3543084	50.0	4	1.0958904
3543247	773.3333	58	15.89041
3543791	57.5	6	1.6438355
354453	0.0	0	0.0
3544550	1200.0	32	8.767123
3544953	297.0	36	9.863014
3544964	105.0	28	7.6712327
3551668	1511.25	93	25.47945
3552006	347.66666	28	7.6712327
3552523	966.0	168	46.027397
3554558	1320.0	144	39.452057
3561108	532.8333	46	12.602739
3561237	272.33334	19	5.2054796
3562617	450.0	27	7.3972607
3563218	108.75	29	7.945205
356566	568.75	65	17.80822
356608	1960.0	120	32.876713
3570691	1750.0	60	16.438356
3582883	426.25	93	25.47945
3584790	0.0	0	0.0
3585592	129.16667	10	2.739726
3592838	1662.5	114	31.232876
3593582	20.0	2	0.5479452
3594885	100000.0	8000	2191.7808
3594959	750.0	40	10.958904
3604904	450.0	90	24.657534
3604931	247.5	6	1.6438355
3610724	439.16666	62	16.986301
3613516	91.666664	4	1.0958904
3615614	713.0	124	33.972603
3624990	787.5	54	14.794521
3626162	363.0	66	18.082191
3626497	123.75	15	4.109589
3627658	93.75	9	2.4657536
3630581	147.0	18	4.931507
363064	277.5	37	10.136987
3637180	241.66667	58	15.89041
3639023	112.0	16	4.3835616
3642289	395.41666	73	20.0
3646393	625.0	60	16.438356
3652434	696.6667	88	24.109589
3652612	287.5	23	6.3013697
3653575	205.83333	26	7.1232877
365550	3456.1667	466	127.67123
3656508	75.833336	26	7.1232877
3657819	907.5	110	30.136988
366301	105.0	18	4.931507
3666970	77.333336	32	8.767123
3673011	632.5	110	30.136988
3673759	1525.0	183	50.136982
3676779	1250.0	150	41.09589
3677729	280.0	42	11.506849
3678718	987.5	158	43.28767
3679617	122.5	15	4.109589
368403	916.6667	20	5.479452
3686556	360.0	36	9.863014
3689119	694.1667	98	26.849314
3689416	69.333336	13	3.5616438
3691288	135.83333	10	2.739726
3697351	315.0	108	29.589043
3703121	750.0	60	16.438356
370361	2401.25	339	92.87672
3706719	90.0	12	3.287671
3720429	233.33333	14	3.8356164
3720511	195.83333	10	2.739726
3720731	787.6667	68	18.630136
37234	0.0	0	0.0
3726391	40.0	3	0.8219178
3727017	99.5	6	1.6438355
3728802	375.0	9	2.4657536
3732076	93.333336	28	7.6712327
3732094	66.666664	20	5.479452
3732103	80.0	24	6.575342
3732949	600.0	40	10.958904
3738724	0.0	0	0.0
3739681	375.0	36	9.863014
3751503	477.33334	32	8.767123
3753645	0.0	0	0.0
3757858	98.75	15	4.109589
3759039	0.0	0	0.0
3766055	157.5	27	7.3972607
3766285	6.6666665	1	0.2739726
3766866	338.33334	28	7.6712327
3768626	531.6667	44	12.054794
3768742	82.5	10	2.739726
3768745	300.0	30	8.219178
3769336	1253.5	138	37.80822
3770248	35.416668	5	1.369863
3772674	1381.25	195	53.424656
3773417	202.66667	16	4.3835616
3773568	804.8333	22	6.027397
3773700	105.0	6	1.6438355
3773784	287.5	30	8.219178
3774113	150.0	9	2.4657536
3783162	1007.9167	41	11.232877
3791920	1155.0	140	38.356163
3793047	616.6667	74	20.273973
3793185	700.0	48	13.150684
3793406	220.5	27	7.3972607
3793790	146.25	39	10.684931
3803212	37.5	3	0.8219178
3803947	1182.5	110	30.136988
380950	870.0	24	6.575342
3811828	91.833336	38	10.410959
3811872	103.333336	40	10.958904
3811930	105.0	42	11.506849
3811955	90.0	36	9.863014
3812725	175.0	12	3.287671
3817141	16.666666	1	0.2739726
3818746	875.0	30	8.219178
3819831	68.333336	10	2.739726
3820186	237.5	6	1.6438355
3821663	986.6667	74	20.273973
3821822	975.0	156	42.739723
3835995	1252.9166	155	42.46575
3843706	125.0	6	1.6438355
3844087	93.75	25	6.849315
384797	3533.25	63	17.260275
3849918	300.0	24	6.575342
3852117	328.25	101	27.671232
385438	233.33333	16	4.3835616
38545	1535.4166	67	18.356163
3858725	122.0	12	3.287671
3859882	86.666664	16	4.3835616
3861673	1035.4166	175	47.945206
3868138	1403.0	92	25.205479
3868844	1250.0	50	13.69863
3870253	1137.5	78	21.369862
387078	1031.3334	104	28.49315
387079	813.1667	82	22.465754
3870937	733.8333	74	20.273973
387464	2278.5	294	80.54794
3876097	80.0	32	8.767123
3882930	85.0	17	4.657534
3883041	0.0	0	0.0
3883137	666.6667	80	21.917809
3883392	796.25	39	10.684931
3884805	25.0	2	0.5479452
3884851	693.3333	128	35.068493
3888924	40.0	12	3.287671
3888986	13.333333	4	1.0958904
3889050	40.0	12	3.287671
3889280	0.0	0	0.0
3889299	26.666666	8	2.1917808
3889330	0.0	0	0.0
3890786	51.666668	4	1.0958904
3890990	831.25	57	15.616438
3891695	1530.0	102	27.945206
3898413	124.666664	22	6.027397
3898692	269.16666	34	9.315068
3899160	226.16667	46	12.602739
3904056	122.5	21	5.7534246
3906076	1457.5	159	43.56164
3908378	1616.0	202	55.342464
3915826	174.16667	22	6.027397
3916050	159.25	39	10.684931
392140	1712.5	274	75.06849
3921664	8.333333	2	0.5479452
3922845	0.0	0	0.0
3922853	122.5	14	3.8356164
3925572	17.5	3	0.8219178
3925573	108.333336	10	2.739726
3926008	1518.75	135	36.9863
392779	2160.0	240	65.753426
3930270	565.5	117	32.054794
3930681	481.0	52	14.246575
3931346	0.0	0	0.0
3931571	406.25	25	6.849315
3932674	270.0	18	4.931507
3939683	20.833334	5	1.369863
3940265	468.0	78	21.369862
394408	425.0	34	9.315068
3946160	1057.5	141	38.63014
3946631	213.33333	16	4.3835616
3946674	247.5	33	9.041096
3951768	357.66666	74	20.273973
3953365	199.5	57	15.616438
3953611	1015.8333	106	29.041096
3959442	1615.0	204	55.89041
3959460	3037.5	270	73.9726
3961077	72.0	18	4.931507
3963320	45.0	4	1.0958904
3968416	201.5	31	8.493151
3970736	1147.5	153	41.91781
3971137	70.833336	10	2.739726
397117	2186.25	265	72.60274
3971346	1458.3334	70	19.178082
3971934	14320.0	960	263.0137
3975434	308.83334	34	9.315068
3977450	201.0	67	18.356163
3977605	1445.0	204	55.89041
3979496	180.83333	31	8.493151
3986788	130.5	18	4.931507
3986793	84.5	26	7.1232877
3987838	285.0	38	10.410959
3992155	375.0	45	12.328767
3993960	250.0	40	10.958904
3994397	75.0	12	3.287671
3994601	90.0	40	10.958904
3994634	120.833336	50	13.69863
3995007	714.6667	67	18.356163
3998922	192.66667	34	9.315068
3998984	233.33333	28	7.6712327
4008373	1516.6666	52	14.246575
4009295	8675.333	616	168.76712
4009508	22166.666	760	208.21918
4016079	693.75	45	12.328767
4016650	540.0	72	19.726028
4017140	326.83334	74	20.273973
4022127	803.1667	122	33.424656
4023177	327.25	33	9.041096
4024844	273.33334	41	11.232877
4025593	356.66666	107	29.31507
4025954	495.0	66	18.082191
4026757	394.16666	86	23.561646
4030600	373.33334	64	17.534246
4030640	208.33333	20	5.479452
4031625	774.0	72	19.726028
4038347	220.0	48	13.150684
4041868	341.25	21	5.7534246
4046863	334.58334	73	20.0
4047058	224.58333	49	13.424657
4047399	133.33333	10	2.739726
4053092	160.0	24	6.575342
4053644	416.66666	25	6.849315
4053972	514.5833	65	17.80822
4061051	60.0	6	1.6438355
4061207	45.0	6	1.6438355
4066344	0.0	0	0.0
4069543	474.58334	67	18.356163
4075152	0.0	0	0.0
4077920	62.5	3	0.8219178
4082250	93.75	9	2.4657536
4082986	2204.1667	230	63.013695
4084398	0.0	0	0.0
4084712	431.25	45	12.328767
408526	0.0	0	0.0
4085439	62.5	6	1.6438355
4092037	41.666668	2	0.5479452
4100009	1014.75	123	33.69863
4104442	75.833336	13	3.5616438
4105081	23.333334	4	1.0958904
4105164	260.58334	53	14.520548
4106041	4633.3335	400	109.58904
4110396	475.0	60	16.438356
4111137	212.5	30	8.219178
4111954	385.0	77	21.09589
4116645	116.666664	20	5.479452
4118282	586.6667	88	24.109589
4121334	82.5	9	2.4657536
4122325	758.3333	52	14.246575
4125779	90.75	11	3.0136986
4126284	29.166666	7	1.9178082
4127196	95.0	12	3.287671
4129218	15.0	2	0.5479452
4130102	0.0	0	0.0
4130112	162.5	10	2.739726
4135710	0.0	0	0.0
4137114	2038.5	162	44.38356
413733	322.91666	31	8.493151
4138423	313.5	38	10.410959
41401	1928.3334	260	71.23288
4144767	118.75	15	4.109589
4151093	69.5	6	1.6438355
4151430	130.0	8	2.1917808
4157572	362.91666	67	18.356163
4163204	0.0	0	0.0
4163306	46.333332	4	1.0958904
4163851	494.0	57	15.616438
4165387	1295.6666	52	14.246575
4170863	35.416668	5	1.369863
4172364	302.5	66	18.082191
4180905	604.1667	58	15.89041
4181226	9.083333	1	0.2739726
4182732	0.0	0	0.0
4184211	190.66667	22	6.027397
4187961	36.666668	5	1.369863
4190689	0.0	0	0.0
4190771	239.0	12	3.287671
4199019	0.0	0	0.0
4205026	103.333336	20	5.479452
4208555	675.0	108	29.589043
4210585	171.0	12	3.287671
4211081	2986.6667	140	38.356163
4211629	203.0	21	5.7534246
421168	1201.75	209	57.260277
4211836	26.333334	4	1.0958904
4218733	1301.6666	142	38.90411
4223597	1218.75	75	20.547945
4225225	312.5	30	8.219178
4226386	12.5	2	0.5479452
4231670	100.0	12	3.287671
4235559	650.0	24	6.575342
4236723	1836.25	113	30.958902
4238106	75.0	12	3.287671
4240933	142.0	12	3.287671
4241862	183.33333	22	6.027397
4242626	251.25	9	2.4657536
4243163	405.0	12	3.287671
4250367	1200.0	24	6.575342
4250639	139.0	12	3.287671
4250749	352.5	18	4.931507
4250938	83.0	6	1.6438355
4251235	490.0	24	6.575342
4251426	183.75	9	2.4657536
4252591	0.0	0	0.0
4256558	30.166666	2	0.5479452
4256705	229.16667	22	6.027397
4257097	75.0	6	1.6438355
4258515	90.083336	23	6.3013697
4258762	458.33334	50	13.69863
426089	1058.5	58	15.89041
4264012	197.08333	43	11.780823
4264043	950.0	152	41.643837
4264056	812.5	130	35.61644
4270642	176.0	24	6.575342
4271174	187.5	30	8.219178
4271221	520.0	78	21.369862
4277026	175.0	21	5.7534246
4278896	330.0	66	18.082191
4279578	332.91666	47	12.876712
4279876	1013.3333	128	35.068493
4287974	357.5	33	9.041096
4288801	40.0	6	1.6438355
4291	478.33334	70	19.178082
429453	875.0	70	19.178082
4297068	223.5	18	4.931507
430453	1192.0	96	26.301369
430609	433.33334	16	4.3835616
430610	1481.6666	70	19.178082
4310055	0.0	0	0.0
4311078	147.5	6	1.6438355
4311244	59.75	3	0.8219178
4316910	192.0	36	9.863014
4317390	864.5	78	21.369862
4318031	759.5	98	26.849314
4318709	70.0	14	3.8356164
4318814	1260.0	126	34.52055
4322622	69.666664	11	3.0136986
4324317	141.66667	17	4.657534
4324917	180.0	30	8.219178
4334804	0.0	0	0.0
43373	1789.6666	364	99.72603
4340410	112.5	10	2.739726
4340838	262.08334	37	10.136987
4349344	750.0	72	19.726028
4357979	120.0	16	4.3835616
4360485	84.0	16	4.3835616
4360604	56.0	16	4.3835616
4363919	160.83333	10	2.739726
4364285	220.5	21	5.7534246
4370312	26.0	4	1.0958904
4374326	141.83333	46	12.602739
4378803	393.83334	34	9.315068
4379551	0.0	0	0.0
4384000	75.0	3	0.8219178
4384095	343.0	84	23.013699
4384343	495.0	54	14.794521
4384800	650.0	40	10.958904
4387985	1292.5	94	25.753424
4388148	821.6667	116	31.78082
4395349	0.0	0	0.0
4395502	0.0	0	0.0
4395578	56.25	3	0.8219178
4395654	30.0	3	0.8219178
4396961	334.33334	68	18.630136
4401544	0.0	0	0.0
4402880	40.0	4	1.0958904
4403171	0.0	0	0.0
4404126	128.33333	22	6.027397
4410493	230.0	20	5.479452
4410544	1235.0	78	21.369862
4410789	327.5	30	8.219178
4417792	700.0	48	13.150684
4418480	200.0	16	4.3835616
4423130	155.25	27	7.3972607
442487	1698.6666	208	56.9863
4429898	534.0	72	19.726028
4430233	200.0	12	3.287671
4430381	131.25	9	2.4657536
4432489	533.3333	80	21.917809
443580	429.0	99	27.123287
443736	344.25	51	13.972603
4438160	125.0	10	2.739726
4438188	746.6667	80	21.917809
4438871	93.166664	13	3.5616438
4439293	1996.5	198	54.246574
443942	270.83334	26	7.1232877
444221	322.58334	79	21.643835
4449303	333.33334	50	13.69863
445199	1806.0	168	46.027397
4454121	133.33333	10	2.739726
4454264	33.333332	1	0.2739726
4454295	198.0	24	6.575342
4461706	462.0	56	15.342465
446276	1462.5	90	24.657534
4464542	20.0	3	0.8219178
4464795	142.5	18	4.931507
4464824	1123.75	15	4.109589
4468524	300.66666	82	22.465754
447488	425.0	51	13.972603
447523	372.0	93	25.47945
4477426	210.0	28	7.6712327
4479426	87.5	15	4.109589
4481979	67.0	6	1.6438355
4484426	84.583336	7	1.9178082
4485424	3052.5	111	30.410961
4494947	0.0	0	0.0
4494948	742.5	66	18.082191
449602	585.0	108	29.589043
4507137	0.0	0	0.0
451012	227.5	14	3.8356164
4516960	1510.5	114	31.232876
4518037	198.33333	68	18.630136
4518474	1012.0	88	24.109589
4520099	53.333332	8	2.1917808
4520179	260.0	24	6.575342
4521755	140.0	24	6.575342
4524575	1008.0	112	30.68493
4526737	237.5	30	8.219178
4526943	155.0	12	3.287671
4531944	350.0	30	8.219178
4532538	75.0	5	1.369863
4539948	623.3333	68	18.630136
4546924	450.0	36	9.863014
4550099	147.5	6	1.6438355
4550199	291.66666	14	3.8356164
4555997	560.0	84	23.013699
4557204	285.0	12	3.287671
4559222	210.0	42	11.506849
4559985	26.666666	4	1.0958904
456040	948.75	207	56.71233
4564730	214.5	26	7.1232877
4565370	192.5	33	9.041096
4566393	0.0	0	0.0
4566609	143.75	25	6.849315
4567243	87.5	14	3.8356164
4569115	1606.0	88	24.109589
4574039	1100.0	44	12.054794
4574700	175.0	6	1.6438355
4581124	195.5	34	9.315068
458183	78.0	18	4.931507
458186	142.33333	28	7.6712327
458189	147.0	28	7.6712327
458191	89.833336	22	6.027397
458193	69.0	12	3.287671
458197	56.0	14	3.8356164
4583161	119.25	27	7.3972607
4589654	262.5	30	8.219178
4593740	2000.0	160	43.835617
4596493	0.0	0	0.0
4597013	0.0	0	0.0
4597584	0.0	0	0.0
4598160	591.8333	106	29.041096
4599119	60.0	4	1.0958904
46022	31.25	5	1.369863
4607830	179.66667	22	6.027397
4608208	227.5	39	10.684931
4608592	800.0	60	16.438356
461234	3613.5	438	120.00001
4614955	1472.25	117	32.054794
461567	682.5	117	32.054794
4616634	630.0	72	19.726028
4616695	475.0	38	10.410959
4623541	654.1667	50	13.69863
4629020	115.0	10	2.739726
4632923	104.0	12	3.287671
4637670	832.5	74	20.273973
463768	1312.5	42	11.506849
4637801	98.666664	16	4.3835616
4638785	0.0	0	0.0
4639040	117.0	36	9.863014
4639465	150.5	14	3.8356164
4642956	52.25	3	0.8219178
4645208	1164.3334	28	7.6712327
4645405	115.0	23	6.3013697
4651974	0.0	0	0.0
4652918	23.0	4	1.0958904
4653552	384.0	32	8.767123
4659824	0.0	0	0.0
4660460	840.5	123	33.69863
4660517	437.5	25	6.849315
4661374	26.333334	4	1.0958904
4661812	287.5	30	8.219178
4664312	14.75	3	0.8219178
4668327	300.0	36	9.863014
4669377	361.66666	28	7.6712327
4672934	379.16666	13	3.5616438
4676275	22.5	1	0.2739726
4677524	450.0	40	10.958904
4678866	22.5	2	0.5479452
4679983	236.0	48	13.150684
4681687	198.16667	41	11.232877
4681885	200.41667	37	10.136987
4688603	9.833333	2	0.5479452
4693488	495.0	66	18.082191
4694479	475.0	100	27.39726
4701141	20.0	6	1.6438355
4701146	589.0	76	20.821918
4701205	81.25	39	10.684931
4706111	59.666668	4	1.0958904
4707171	971.6667	106	29.041096
4708075	59.583332	13	3.5616438
4710866	99.0	36	9.863014
4710869	70.0	28	7.6712327
4711069	591.5	42	11.506849
4716486	45.0	6	1.6438355
4718820	20.416666	7	1.9178082
4718921	200.0	30	8.219178
47196	1912.0834	353	96.712326
4725935	293.33334	88	24.109589
4732995	133.33333	8	2.1917808
4735761	26.25	7	1.9178082
4737727	210.0	36	9.863014
4738971	330.0	44	12.054794
4739190	335.66666	38	10.410959
47491	555.0	111	30.410961
4752817	2550.75	171	46.849316
475361	1186.6666	160	43.835617
4757025	1050.0	75	20.547945
4760181	825.0	180	49.315067
4760472	466.66666	70	19.178082
4760968	320.0	64	17.534246
4766173	302.5	33	9.041096
4768038	1100.0	88	24.109589
4772997	89.333336	16	4.3835616
4773614	66.666664	8	2.1917808
4776823	697.9167	67	18.356163
4777832	1133.3334	80	21.917809
4782745	29.166666	2	0.5479452
4783585	700.0	48	13.150684
4783817	40.0	6	1.6438355
4784639	387.5	30	8.219178
4787415	0.0	0	0.0
479653	2212.5	177	48.49315
4803403	141.66667	20	5.479452
4808173	43.75	3	0.8219178
4808896	204.0	16	4.3835616
4809486	18.333334	4	1.0958904
4809601	0.0	0	0.0
4811583	66.333336	4	1.0958904
481220	5330.0	328	89.863014
4814811	214.66667	28	7.6712327
4814894	518.0	84	23.013699
4820795	344.0	32	8.767123
4824435	0.0	0	0.0
4824581	650.0	52	14.246575
4824699	0.0	0	0.0
4825073	83.333336	1	0.2739726
4825472	87.5	30	8.219178
4831200	26.666666	4	1.0958904
48319	1155.0	63	17.260275
4832481	114.0	24	6.575342
4833820	0.0	0	0.0
4841586	233.33333	28	7.6712327
4848255	87.083336	19	5.2054796
4854767	172.58333	19	5.2054796
4856986	110.0	4	1.0958904
4857192	72.0	8	2.1917808
4862719	293.33334	64	17.534246
4863369	311.66666	55	15.068494
486344	176.25	45	12.328767
4863533	50.0	6	1.6438355
4868135	273.16666	22	6.027397
486829	861.25	159	43.56164
4869458	40.083332	13	3.5616438
4871348	886.6667	152	41.643837
4872699	65.666664	4	1.0958904
4879013	654.0	72	19.726028
488268	821.6667	170	46.575344
48848	458.33334	44	12.054794
4887845	39.166668	2	0.5479452
4892529	61.25	3	0.8219178
490076	1176.0	168	46.027397
4903296	0.0	0	0.0
4906490	116.666664	4	1.0958904
4909327	294.0	28	7.6712327
4910140	65.0	20	5.479452
4916433	60.0	9	2.4657536
491958	1887.5	302	82.73973
4922836	373.33334	64	17.534246
492287	520.6667	71	19.452055
4933447	742.5	90	24.657534
493591	801.6667	148	40.547947
4936647	580.0	58	15.89041
4940379	375.0	18	4.931507
4940491	63.583332	7	1.9178082
4941356	46.666668	16	4.3835616
4943016	185.0	12	3.287671
4947002	352.33334	28	7.6712327
4948745	180.0	24	6.575342
4950847	0.0	0	0.0
4951079	6.0	1	0.2739726
4951430	270.83334	26	7.1232877
496074	1700.0	240	65.753426
4968752	400.0	48	13.150684
4973204	742.5	54	14.794521
4988679	1023.75	65	17.80822
4993710	288.75	35	9.589041
4995903	0.0	0	0.0
4996554	257.83334	26	7.1232877
5002964	4.1666665	1	0.2739726
5006092	604.1667	58	15.89041
5014835	37.5	2	0.5479452
5015262	0.0	0	0.0
5019444	568.3333	62	16.986301
5020848	0.0	0	0.0
5020861	75.833336	14	3.8356164
5021081	185.0	10	2.739726
5021969	595.0	42	11.506849
5022572	625.0	20	5.479452
50233	825.0	60	16.438356
5029665	326.66666	35	9.589041
5030361	735.0	98	26.849314
5031285	220.0	66	18.082191
5031357	11.666667	2	0.5479452
5031383	63.333332	19	5.2054796
5036739	0.0	0	0.0
5040885	225.0	9	2.4657536
5041669	118.75	15	4.109589
5042014	1820.0	420	115.0685
5047188	8.5	2	0.5479452
5048597	520.0	32	8.767123
5051529	337.5	30	8.219178
5052459	769.8333	62	16.986301
5056580	25575.0	3100	849.31506
5057466	217.0	31	8.493151
5058086	555.8333	46	12.602739
5058302	594.1667	46	12.602739
5059981	0.0	0	0.0
5060388	601.6667	76	20.821918
5061411	3866.6667	116	31.78082
5061566	233.33333	16	4.3835616
5062445	26.25	7	1.9178082
506542	2472.5	258	70.68494
5067177	109.666664	28	7.6712327
5069495	522.5	66	18.082191
5078129	332.5	42	11.506849
5078244	175.5	54	14.794521
5078876	487.5	26	7.1232877
5096363	204.0	34	9.315068
5102135	0.0	0	0.0
5104077	82.5	9	2.4657536
5104918	666.6667	50	13.69863
5123904	541.6667	20	5.479452
5126077	7.9166665	1	0.2739726
5126365	20.0	3	0.8219178
5126446	19.166666	2	0.5479452
5127136	996.1667	86	23.561646
5128160	958.3333	20	5.479452
5143441	449.16666	49	13.424657
5160893	700.0	105	28.767124
5163047	62.5	10	2.739726
5164194	23.75	3	0.8219178
5164581	193.33333	58	15.89041
5174876	382.5	54	14.794521
5175464	240.0	32	8.767123
5175631	715.0	52	14.246575
51826	476.91666	59	16.164383
5183164	133.16667	34	9.315068
5183938	1192.0	96	26.301369
5192122	0.0	0	0.0
5194332	437.5	42	11.506849
5195064	266.66666	64	17.534246
5201816	10.083333	1	0.2739726
5204475	0.0	0	0.0
5205984	20.0	4	1.0958904
5213468	1185.0	60	16.438356
5218550	1029.5	142	38.90411
5219336	91.666664	11	3.0136986
522287	930.4167	203	55.61644
5228066	66.666664	8	2.1917808
5229971	60.0	6	1.6438355
5236979	294.0	72	19.726028
523883	555.3333	98	26.849314
5240694	306.66666	32	8.767123
5241195	0.0	0	0.0
5241773	467.08334	95	26.027397
5242148	1194.0	72	19.726028
5242712	300.0	60	16.438356
5249067	50.0	8	2.1917808
5249093	1181.25	81	22.19178
52525	390.0	78	21.369862
5252515	233.33333	14	3.8356164
5252543	54.0	12	3.287671
5252877	298.0	24	6.575342
5259194	540.5	94	25.753424
5261239	446.33334	52	14.246575
5262750	625.0	60	16.438356
5270223	0.0	0	0.0
5270886	75.166664	11	3.0136986
5272327	490.0	56	15.342465
5277900	447.75	27	7.3972607
5278993	3.3333333	1	0.2739726
5286781	8.333333	1	0.2739726
5289293	354.58334	37	10.136987
529090	2375.0	190	52.054794
5297143	166.66667	10	2.739726
5299060	325.0	60	16.438356
5304739	334.83334	82	22.465754
5306727	99.0	12	3.287671
5308339	70.0	12	3.287671
5308429	1113.0	252	69.0411
5308875	192.66667	34	9.315068
5309974	26.0	8	2.1917808
5310193	47.5	3	0.8219178
5310503	99.0	36	9.863014
5315169	520.0	52	14.246575
5319948	178.75	33	9.041096
5324459	279.0	62	16.986301
5325214	70.0	14	3.8356164
5325809	392.0	48	13.150684
5328449	900.0	72	19.726028
5330475	500.0	60	16.438356
533443	935.0	204	55.89041
5336585	6.25	1	0.2739726
5337848	678.3333	74	20.273973
5340242	27.5	3	0.8219178
5352741	10.0	2	0.5479452
535300	1571.6666	230	63.013695
5353512	14.0	4	1.0958904
5362889	1575.0	108	29.589043
5364119	241.5	46	12.602739
5364244	346.66666	32	8.767123
5364414	1350.0	81	22.19178
5364609	190.0	24	6.575342
5365612	20.833334	5	1.369863
5372156	347.5	30	8.219178
5376433	99.0	22	6.027397
53803	5979.1665	287	78.630135
5383192	26.666666	2	0.5479452
53867	4113.6665	574	157.26027
5386937	510.0	51	13.972603
5395530	162.91667	17	4.657534
5397134	603.75	69	18.90411
5402304	277.5	18	4.931507
5403847	119.166664	26	7.1232877
5405643	771.3333	104	28.49315
5407311	15.333333	2	0.5479452
5413564	66.666664	10	2.739726
5415077	340.41666	43	11.780823
5422159	354.75	43	11.780823
5422881	0.0	0	0.0
5423692	177.0	36	9.863014
5424448	20.833334	1	0.2739726
5433597	1458.3334	70	19.178082
544433	3467.5	438	120.00001
5444457	225.0	30	8.219178
5446156	653.3333	32	8.767123
5446176	394.0	24	6.575342
5446180	137.5	10	2.739726
5446513	100.0	8	2.1917808
5457260	230.0	40	10.958904
5458027	13.333333	1	0.2739726
5459895	19.083334	1	0.2739726
5463875	20.0	2	0.5479452
5470629	500.0	50	13.69863
5470943	718.1667	62	16.986301
5471427	112.0	48	13.150684
5473498	157.5	54	14.794521
5479566	5.6666665	1	0.2739726
5482204	0.0	0	0.0
5487522	233.33333	14	3.8356164
5487653	47.5	6	1.6438355
5487934	25.0	2	0.5479452
5489676	141.66667	10	2.739726
5495802	197.91667	19	5.2054796
5499882	308.33334	37	10.136987
5500398	264.0	48	13.150684
5500752	100.0	12	3.287671
5510720	218.75	21	5.7534246
5524530	204.16667	7	1.9178082
5524847	450.0	40	10.958904
5525073	134.16667	14	3.8356164
5534463	1162.5	18	4.931507
5537446	175.0	14	3.8356164
5537833	525.0	42	11.506849
5538663	108.75	9	2.4657536
5538874	15.0	6	1.6438355
5548982	358.91666	73	20.0
5549211	1340.0	120	32.876713
555182	270.83334	13	3.5616438
555858	205.83333	26	7.1232877
5559063	46.666668	4	1.0958904
5559643	189.58333	13	3.5616438
5562674	467.41666	71	19.452055
5563136	83.333336	10	2.739726
557126	2625.0	350	95.89041
5578943	474.0	72	19.726028
5579427	152.66667	8	2.1917808
5580457	400.0	32	8.767123
5580773	93.333336	16	4.3835616
5593399	70.0	7	1.9178082
5593504	78.666664	16	4.3835616
5593981	0.0	0	0.0
5602370	32.5	3	0.8219178
5607404	104.166664	10	2.739726
5615620	866.6667	104	28.49315
5618094	37.5	6	1.6438355
5619397	0.0	0	0.0
5620306	11.666667	2	0.5479452
5620928	249.16667	26	7.1232877
5625964	167.75	33	9.041096
5630783	466.66666	56	15.342465
5632713	200.0	32	8.767123
5633607	429.0	132	36.164383
5637990	32.5	3	0.8219178
5639238	36.666668	4	1.0958904
5640214	962.5	154	42.19178
5640722	435.0	87	23.835615
5643240	233.33333	40	10.958904
5648564	125.0	10	2.739726
5651254	23.75	3	0.8219178
5652705	156.25	15	4.109589
565703	3370.6667	316	86.57534
5660792	410.0	41	11.232877
566435	400.83334	74	20.273973
5670781	400.0	30	8.219178
5671843	2350.8333	434	118.90411
5673552	333.33334	20	5.479452
5680462	2074.5	54	14.794521
5682	3564.0	891	244.10959
5682316	255.0	36	9.863014
5683646	324.58334	41	11.232877
5683765	20.0	2	0.5479452
5685646	700.0	60	16.438356
5685908	194.0	24	6.575342
5686178	200.0	60	16.438356
5686435	667.5	18	4.931507
5691933	212.5	6	1.6438355
5695344	20.0	4	1.0958904
5695717	618.0	72	19.726028
5705161	581.25	93	25.47945
5707514	0.0	0	0.0
571640	46.083332	7	1.9178082
571651	23.0	4	1.0958904
5719631	23.75	3	0.8219178
5728135	364.0	52	14.246575
5728739	210.0	12	3.287671
5736082	22.5	6	1.6438355
5738982	0.0	0	0.0
573942	834.1667	154	42.19178
5744931	128.33333	14	3.8356164
5749958	1260.0	84	23.013699
5751177	86.0	8	2.1917808
5759668	354.16666	34	9.315068
5760902	900.0	108	29.589043
5761290	252.0	24	6.575342
5766989	548.8333	74	20.273973
5781547	1166.6666	40	10.958904
5784320	271.5	18	4.931507
5787922	1140.0	114	31.232876
5792683	28.333334	4	1.0958904
5793477	356.25	57	15.616438
580182	1211.3334	184	50.410957
5804875	16.5	2	0.5479452
5805162	459.16666	58	15.89041
5805907	191.66667	46	12.602739
580815	382.25	33	9.041096
5813657	525.0	21	5.7534246
5814207	0.0	0	0.0
5825701	1000.0	60	16.438356
5834820	140.83333	26	7.1232877
5838129	92.083336	17	4.657534
5847934	383.33334	20	5.479452
5848330	108.333336	13	3.5616438
5848400	250.0	12	3.287671
58503	475.0	76	20.821918
5852034	891.0	108	29.589043
585418	717.8333	146	40.0
5859152	73.75	15	4.109589
5862552	514.5833	19	5.2054796
5863446	0.0	0	0.0
5863558	16.0	3	0.8219178
5873892	300.0	72	19.726028
5874421	903.5	78	21.369862
587584	181.5	22	6.027397
5882923	855.0	108	29.589043
5892185	131.25	21	5.7534246
5893969	66.666664	10	2.739726
5900224	300.0	24	6.575342
5902452	12.5	1	0.2739726
5905958	55.416668	7	1.9178082
5913611	87.083336	11	3.0136986
5918259	775.0	93	25.47945
5919096	107.5	10	2.739726
5927083	173.33333	26	7.1232877
5930473	175.0	21	5.7534246
5930806	0.0	0	0.0
5931372	129.0	12	3.287671
5932882	66.666664	8	2.1917808
5941598	473.0	44	12.054794
5946151	156.25	15	4.109589
5946675	120.833336	10	2.739726
5948003	426.25	93	25.47945
5950957	0.0	0	0.0
5956968	170.0	17	4.657534
5957039	256.66666	28	7.6712327
5958194	187.5	50	13.69863
5958674	168.0	36	9.863014
5959816	459.16666	58	15.89041
5968862	33.333332	2	0.5479452
5969069	218.75	21	5.7534246
5969872	39.416668	11	3.0136986
59708	187.0	12	3.287671
5977556	360.0	36	9.863014
5978216	178.75	33	9.041096
5978498	466.66666	32	8.767123
598023	198.0	24	6.575342
5981343	640.0	48	13.150684
59827	292.5	26	7.1232877
59838	1715.0	140	38.356163
5989894	82.5	11	3.0136986
5991139	106.666664	16	4.3835616
5991734	232.5	31	8.493151
5992645	38.75	3	0.8219178
6002165	37.5	2	0.5479452
6004058	166.66667	20	5.479452
6004165	37.5	6	1.6438355
6005222	0.0	0	0.0
6005443	129.0	12	3.287671
6007267	75.0	12	3.287671
6018416	816.6667	28	7.6712327
6019762	192.5	21	5.7534246
6020744	1376.0	128	35.068493
6022715	67.083336	7	1.9178082
6032726	1741.6666	38	10.410959
6033201	422.5	30	8.219178
6043482	4.1666665	1	0.2739726
6044106	750.0	100	27.39726
604600	16.666666	1	0.2739726
606297	2693.25	81	22.19178
6065566	166.66667	8	2.1917808
6066185	354.16666	34	9.315068
6066570	227.08333	5	1.369863
6073437	495.83334	50	13.69863
6074312	110.0	8	2.1917808
6076158	123.75	15	4.109589
6077760	498.33334	46	12.602739
607788	41.666668	2	0.5479452
6078382	155.83333	34	9.315068
6079131	440.0	60	16.438356
6079216	250.0	20	5.479452
6087451	787.5	90	24.657534
6091789	83.333336	5	1.369863
609252	0.0	0	0.0
6093756	17.083334	1	0.2739726
609421	46.666668	2	0.5479452
609610	112.5	15	4.109589
609701	3300.8333	466	127.67123
6101613	79.5	6	1.6438355
6103108	50.0	4	1.0958904
6105021	297.0	36	9.863014
6106498	105.416664	23	6.3013697
6107518	167.91667	31	8.493151
6107901	647.5	74	20.273973
6108006	666.75	63	17.260275
6108796	841.1667	98	26.849314
610989	34.833332	2	0.5479452
611500	529.25	29	7.945205
611509	660.8333	122	33.424656
6115704	3087.5	114	31.232876
6115807	525.0	18	4.931507
6117473	160.0	40	10.958904
6118198	302.83334	46	12.602739
6118291	364.16666	46	12.602739
6118359	221.66667	38	10.410959
6119785	110.0	8	2.1917808
6119821	60.166668	19	5.2054796
6120046	400.0	40	10.958904
6127974	450.0	72	19.726028
613020	1312.5	210	57.53425
6130287	48.75	9	2.4657536
6131411	187.5	15	4.109589
613151	56.333332	4	1.0958904
6133354	585.0	52	14.246575
6133684	31.25	5	1.369863
6134153	366.66666	22	6.027397
6134382	177.0	36	9.863014
6153532	590.0	60	16.438356
6154478	120.25	13	3.5616438
6156470	322.5	43	11.780823
6165353	104.0	8	2.1917808
6166307	210.0	21	5.7534246
6168769	26.666666	4	1.0958904
6168975	814.6667	52	14.246575
6169489	0.0	0	0.0
6179956	393.75	63	17.260275
6182715	5.8333335	1	0.2739726
6183330	266.66666	32	8.767123
6183721	1013.3333	76	20.821918
6185083	75.0	12	3.287671
6186081	687.5	75	20.547945
6187340	23.333334	4	1.0958904
6187841	801.5	42	11.506849
619366	2798.3333	292	80.0
6202214	260.0	30	8.219178
6202603	82.5	11	3.0136986
6209191	110.833336	14	3.8356164
6210952	100.0	4	1.0958904
6211882	65.0	13	3.5616438
6214517	440.0	44	12.054794
6214998	99.166664	14	3.8356164
6215199	348.25	21	5.7534246
6215943	206.5	14	3.8356164
6216116	135.0	18	4.931507
6218849	43.5	18	4.931507
6222245	65.0	6	1.6438355
6226666	25.0	2	0.5479452
6228211	0.0	0	0.0
6228474	137.5	6	1.6438355
6228959	234.66667	22	6.027397
6239108	275.0	44	12.054794
6239907	759.0	92	25.205479
6240501	240.0	40	10.958904
6245498	420.0	48	13.150684
6246861	680.4167	71	19.452055
6248083	996.0	24	6.575342
6249164	126.0	36	9.863014
6249458	561.1667	26	7.1232877
6249536	32.666668	4	1.0958904
6250399	23.75	3	0.8219178
6262987	50.416668	11	3.0136986
6263270	93.333336	8	2.1917808
6272065	65.0	12	3.287671
6274351	52.5	7	1.9178082
6276224	33.75	3	0.8219178
6278181	75.0	4	1.0958904
6278191	508.5	54	14.794521
6278216	262.5	18	4.931507
6278361	226.66667	68	18.630136
6278680	183.33333	22	6.027397
6278756	4.5833335	1	0.2739726
6288141	99.333336	8	2.1917808
6289789	19.833334	2	0.5479452
6290509	0.0	0	0.0
6291829	875.0	15	4.109589
6292452	62.5	3	0.8219178
6304139	190.0	24	6.575342
6305798	22.333334	2	0.5479452
631445	1045.0	76	20.821918
6315269	115.0	6	1.6438355
6315435	300.0	12	3.287671
6315614	0.0	0	0.0
6316917	262.5	35	9.589041
6316934	662.5	106	29.041096
6317449	16.666666	4	1.0958904
6325283	63.583332	7	1.9178082
6325685	440.0	44	12.054794
6327506	536.25	99	27.123287
6327662	45.0	6	1.6438355
6328150	303.33334	26	7.1232877
6328923	140.91667	19	5.2054796
63308	4746.6665	640	175.34247
6335327	19.666666	4	1.0958904
6337492	33.333332	5	1.369863
6342327	0.0	0	0.0
6343866	165.0	20	5.479452
6344566	650.6667	64	17.534246
6348159	40.0	8	2.1917808
6349598	90.0	8	2.1917808
6350606	162.5	15	4.109589
6358605	33.0	6	1.6438355
6360895	526.8333	58	15.89041
6361863	1063.3334	88	24.109589
6362362	150.0	3	0.8219178
6362918	1087.5	90	24.657534
6363765	348.25	21	5.7534246
6363779	65.0	4	1.0958904
6364549	522.5	57	15.616438
6364753	233.33333	16	4.3835616
6370313	415.0	20	5.479452
6370655	199.5	6	1.6438355
637326	330.0	36	9.863014
63733	1854.1666	250	68.49315
6375415	562.5	18	4.931507
6376952	480.0	24	6.575342
637710	2640.0	132	36.164383
6378563	261.25	15	4.109589
6386210	333.33334	10	2.739726
6387576	281.83334	38	10.410959
6389657	220.0	33	9.041096
6390214	366.66666	40	10.958904
639130	97.5	6	1.6438355
6392029	11.333333	1	0.2739726
6400000	133.33333	10	2.739726
6400379	154.0	21	5.7534246
6401209	1098.5	39	10.684931
6403104	133.25	39	10.684931
6403878	406.33334	46	12.602739
6404427	1283.3334	56	15.342465
6411259	289.33334	62	16.986301
6411986	135.0	18	4.931507
6412566	134.58333	17	4.657534
6412858	29.166666	2	0.5479452
6416765	521.5	42	11.506849
6421243	137.66667	28	7.6712327
6423204	1265.0	132	36.164383
6423488	186.25	15	4.109589
6424859	278.0	24	6.575342
6424982	346.66666	52	14.246575
6425537	126.5	11	3.0136986
6425652	166.66667	10	2.739726
6425735	8.25	1	0.2739726
6426462	75.833336	14	3.8356164
6436727	350.0	28	7.6712327
6436772	175.0	6	1.6438355
6436976	198.0	24	6.575342
6438013	17.25	3	0.8219178
6438099	0.0	0	0.0
6438518	241.66667	20	5.479452
6445741	63.0	4	1.0958904
6445769	550.0	66	18.082191
6448099	71.666664	4	1.0958904
6451305	1375.0	75	20.547945
6452801	238.5	18	4.931507
6452927	31.666666	4	1.0958904
6453383	437.0	76	20.821918
6466129	314.33334	41	11.232877
6466388	123.333336	20	5.479452
6474341	137.5	11	3.0136986
6475289	901.0	68	18.630136
6477225	200.0	24	6.575342
6479027	44.166668	10	2.739726
6481695	0.0	0	0.0
6481764	1100.0	60	16.438356
6482409	682.5	78	21.369862
6482984	165.0	22	6.027397
6489648	122.5	6	1.6438355
6490091	7.9166665	1	0.2739726
6490453	326.66666	28	7.6712327
6492056	0.0	0	0.0
649243	2700.0	432	118.35617
6492880	205.83333	26	7.1232877
6494181	645.0	36	9.863014
6495424	6.25	1	0.2739726
6512378	55.0	12	3.287671
6512979	62.5	10	2.739726
6514446	717.25	57	15.616438
6515046	493.75	75	20.547945
6516529	0.0	0	0.0
6516775	247.5	30	8.219178
6517594	47.5	3	0.8219178
6523393	411.66666	52	14.246575
6528192	111.0	36	9.863014
6528342	61.0	3	0.8219178
6537432	0.0	0	0.0
6543677	175.0	42	11.506849
6543683	325.0	30	8.219178
6545246	18.333334	4	1.0958904
6545602	17.666666	4	1.0958904
6545773	117.0	12	3.287671
6546748	344.16666	14	3.8356164
654734	1618.75	111	30.410961
6554352	71.25	15	4.109589
6555128	426.66666	32	8.767123
6555393	217.0	28	7.6712327
6557018	124.583336	13	3.5616438
6557297	105.0	21	5.7534246
6557767	178.75	33	9.041096
6558980	73.333336	8	2.1917808
6561379	360.0	30	8.219178
6561753	183.33333	40	10.958904
6561811	88.333336	20	5.479452
6562393	522.0	18	4.931507
6567683	408.5	38	10.410959
656909	117.333336	22	6.027397
6569950	29.166666	2	0.5479452
6572501	0.0	0	0.0
6575380	112.5	9	2.4657536
6575407	10.0	1	0.2739726
6576006	50.0	12	3.287671
6576228	89.5	6	1.6438355
6577295	431.25	75	20.547945
6577729	283.33334	34	9.315068
6578147	20.0	2	0.5479452
6584984	0.0	0	0.0
6586979	1725.0	46	12.602739
6587443	49.333332	8	2.1917808
6590264	47.916668	5	1.369863
6591879	131.25	7	1.9178082
6591894	82.666664	32	8.767123
6592178	100.0	4	1.0958904
6592421	200.0	16	4.3835616
6599960	227.5	26	7.1232877
6603061	157.08333	29	7.945205
6603376	672.0	32	8.767123
6606	780.0	104	28.49315
660603	460.83334	70	19.178082
6610942	262.5	42	11.506849
6612940	64.5	6	1.6438355
6613192	91.666664	10	2.739726
6613601	93.75	9	2.4657536
6621924	374.5	42	11.506849
6623079	47.25	9	2.4657536
6626493	172.5	30	8.219178
6627129	0.0	0	0.0
6627184	31.25	3	0.8219178
6627403	50.0	6	1.6438355
6629132	111.833336	11	3.0136986
6629278	90.0	24	6.575342
6629657	67.5	18	4.931507
6637899	357.5	66	18.082191
6644628	225.0	18	4.931507
6644760	136.25	15	4.109589
6644796	98.75	15	4.109589
6644854	645.8333	31	8.493151
6646843	462.0	56	15.342465
6646894	116.666664	8	2.1917808
6646985	142.91667	49	13.424657
6647442	187.91667	41	11.232877
6652199	50.0	6	1.6438355
66540	227.5	42	11.506849
6655233	111.0	18	4.931507
6657574	60.0	16	4.3835616
6658052	794.6667	64	17.534246
6659301	175.0	14	3.8356164
6660186	226.66667	32	8.767123
66611	325.0	60	16.438356
6661617	495.83334	34	9.315068
6662639	116.666664	8	2.1917808
666897	445.5	54	14.794521
6670332	362.5	30	8.219178
6671901	560.0	56	15.342465
6674408	180.0	45	12.328767
6675927	236.83333	49	13.424657
6676926	740.8333	70	19.178082
6678058	110.0	12	3.287671
668169	220.0	48	13.150684
6686072	455.0	42	11.506849
6687939	550.0	66	18.082191
6689259	0.0	0	0.0
6690388	181.33333	32	8.767123
6691324	725.0	58	15.89041
6691873	292.5	39	10.684931
6694276	0.0	0	0.0
670009	568.75	39	10.684931
670021	99.0	22	6.027397
670056	140.0	30	8.219178
6701018	117.25	21	5.7534246
670262	45.833332	10	2.739726
6704004	0.0	0	0.0
6704734	0.0	0	0.0
6705584	26.25	3	0.8219178
6706377	73.0	12	3.287671
6707735	421.66666	46	12.602739
6714652	137.5	11	3.0136986
6714817	108.333336	10	2.739726
6716380	366.66666	20	5.479452
6716620	75.833336	14	3.8356164
6716874	350.0	40	10.958904
6717555	5.8333335	2	0.5479452
671828	0.0	0	0.0
6724599	420.33334	52	14.246575
67270	1603.3334	296	81.095894
6727729	166.66667	10	2.739726
6727846	134.16667	14	3.8356164
6728017	42.833332	2	0.5479452
6728419	375.0	45	12.328767
6729818	0.0	0	0.0
6734621	804.75	29	7.945205
6740521	253.0	11	3.0136986
674113	665.0	190	52.054794
6741135	93.0	4	1.0958904
6741526	750.0	36	9.863014
6744143	211.25	13	3.5616438
6746826	193.5	18	4.931507
6747473	1000.0	80	21.917809
6748502	42.5	10	2.739726
6750264	120.0	8	2.1917808
6750430	466.66666	28	7.6712327
6752031	210.0	36	9.863014
6759038	127.5	18	4.931507
6759046	18.75	3	0.8219178
6759104	69.0	12	3.287671
6761267	390.0	52	14.246575
6762958	25.0	4	1.0958904
6764646	160.0	12	3.287671
6765045	208.33333	10	2.739726
6765354	180.0	24	6.575342
6766513	316.66666	40	10.958904
6766708	1750.0	60	16.438356
6768768	106.0	8	2.1917808
6769696	0.0	0	0.0
677266	688.3333	118	32.328766
6773472	368.33334	26	7.1232877
6776229	451.5	42	11.506849
6779893	145.83333	7	1.9178082
6780615	300.0	24	6.575342
6780670	65.0	6	1.6438355
6781308	666.6667	64	17.534246
6782993	106.0	24	6.575342
6783394	531.25	51	13.972603
6793490	299.0	52	14.246575
6794702	70.0	12	3.287671
6795678	540.0	54	14.794521
6796066	50.0	10	2.739726
6796246	255.0	34	9.315068
6796336	2.5	1	0.2739726
6797786	229.16667	22	6.027397
6801095	60.0	8	2.1917808
6807884	557.3333	32	8.767123
6807981	468.0	36	9.863014
6808970	10.0	1	0.2739726
6810430	216.66667	40	10.958904
6811792	125.0	12	3.287671
6812054	141.33333	8	2.1917808
6812415	113.333336	16	4.3835616
6813483	210.0	20	5.479452
6813623	400.0	20	5.479452
682135	106.166664	14	3.8356164
6821407	148.83333	38	10.410959
6822322	227.5	26	7.1232877
6823597	536.6667	46	12.602739
6823781	415.33334	56	15.342465
6823837	301.0	28	7.6712327
6824408	285.0	9	2.4657536
6831239	57.0	18	4.931507
6832592	312.5	30	8.219178
6835466	50.0	6	1.6438355
6836330	45.0	6	1.6438355
6837338	160.0	24	6.575342
6837751	375.0	50	13.69863
6837819	75.0	6	1.6438355
6838418	226.66667	40	10.958904
6847052	67.333336	8	2.1917808
6848455	337.5	18	4.931507
6850007	0.0	0	0.0
68508	0.0	0	0.0
6852243	44.5	6	1.6438355
6852288	137.66667	28	7.6712327
6854019	0.0	0	0.0
6854552	765.0	54	14.794521
6855839	672.0	56	15.342465
685600	100.0	16	4.3835616
6856295	249.16667	46	12.602739
6864319	20.833334	1	0.2739726
6865200	50.0	5	1.369863
6865696	0.0	0	0.0
6867053	0.0	0	0.0
6868378	187.0	12	3.287671
6870575	533.9167	43	11.780823
6872650	189.58333	35	9.589041
6881188	718.75	23	6.3013697
6882211	0.0	0	0.0
6882518	200.0	32	8.767123
6883913	620.0	62	16.986301
6884604	280.0	24	6.575342
6884820	97.5	26	7.1232877
6886633	506.25	81	22.19178
6888107	53.083332	13	3.5616438
689309	104.166664	10	2.739726
6895132	80.0	8	2.1917808
6897639	0.0	0	0.0
6901218	132.0	16	4.3835616
6902752	125.0	20	5.479452
6907671	125.0	12	3.287671
6908161	750.0	36	9.863014
6911511	0.0	0	0.0
6913414	208.33333	20	5.479452
6913706	610.0	40	10.958904
6915439	0.0	0	0.0
6915487	26.333334	2	0.5479452
6916167	0.0	0	0.0
692080	30.833334	1	0.2739726
6921373	396.0	48	13.150684
6923948	112.5	3	0.8219178
6925807	93.75	3	0.8219178
6926511	274.16666	14	3.8356164
692671	458.33334	50	13.69863
6927016	833.3333	100	27.39726
6934128	60.0	9	2.4657536
6935953	16.666666	1	0.2739726
6937071	25.0	2	0.5479452
6937492	385.0	28	7.6712327
6938103	18.75	3	0.8219178
6938542	522.5	57	15.616438
6939106	540.0	45	12.328767
6939472	128.33333	44	12.054794
693956	87.5	7	1.9178082
6941113	1012.5	54	14.794521
6949900	132.91667	11	3.0136986
6951415	253.33333	32	8.767123
6954984	24.0	3	0.8219178
6956301	50.0	5	1.369863
6956938	172.5	23	6.3013697
6958436	112.5	6	1.6438355
6958603	229.66667	52	14.246575
6959336	64.5	6	1.6438355
696004	1280.0	128	35.068493
6961346	155.83333	22	6.027397
6968101	186.66667	16	4.3835616
6971260	260.0	26	7.1232877
6973790	90.75	11	3.0136986
6975036	52.5	7	1.9178082
6977095	83.0	4	1.0958904
6990477	793.0	52	14.246575
6990677	330.0	36	9.863014
6990882	775.0	31	8.493151
6991188	57.5	6	1.6438355
6992387	220.5	14	3.8356164
6992696	82.916664	5	1.369863
6993019	338.33334	14	3.8356164
6993726	430.0	24	6.575342
6993978	173.33333	26	7.1232877
6994406	100.0	8	2.1917808
699460	2390.8333	302	82.73973
699596	5100.0	408	111.78082
7003848	214.16667	10	2.739726
7005538	350.0	28	7.6712327
7007118	83.333336	10	2.739726
7007598	141.66667	10	2.739726
7009282	0.0	0	0.0
7011200	81.583336	11	3.0136986
7011773	0.0	0	0.0
7013085	387.75	47	12.876712
7018009	243.83333	14	3.8356164
7021544	410.83334	34	9.315068
7021702	0.0	0	0.0
7021906	581.25	15	4.109589
7024684	260.0	12	3.287671
7025898	583.3333	28	7.6712327
7026898	226.66667	32	8.767123
7027507	11.333333	2	0.5479452
703058	2150.0	172	47.12329
7035077	0.0	0	0.0
7035498	666.5	62	16.986301
7036707	333.33334	50	13.69863
7037291	128.33333	22	6.027397
7037522	360.0	54	14.794521
7038750	20.0	3	0.8219178
7039427	136.5	42	11.506849
704477	0.0	0	0.0
704764	1026.6666	112	30.68493
7048843	86.666664	26	7.1232877
7050204	225.0	18	4.931507
7050492	110.0	12	3.287671
7050534	62.5	6	1.6438355
7054225	200.0	12	3.287671
706385	4324.0	376	103.013695
7064681	8.333333	4	1.0958904
7066118	105.0	21	5.7534246
7067082	40.833332	10	2.739726
7067650	112.5	18	4.931507
7069080	16.666666	4	1.0958904
7069143	141.66667	34	9.315068
7070169	460.0	48	13.150684
7071021	45.833332	5	1.369863
7071222	72.5	6	1.6438355
7071331	77.0	22	6.027397
7072218	80.0	8	2.1917808
7073650	121.5	18	4.931507
7074024	56.0	24	6.575342
707424	1950.0	78	21.369862
7075357	21.5	2	0.5479452
7075913	350.0	42	11.506849
7075948	75.0	3	0.8219178
7077910	510.0	36	9.863014
708774	1116.25	141	38.63014
7087957	304.5	29	7.945205
7089415	49.5	6	1.6438355
7091397	429.0	33	9.041096
7093738	7.5	1	0.2739726
7093910	13.333333	2	0.5479452
7093986	0.0	0	0.0
7095802	67.083336	23	6.3013697
7096107	54.166668	10	2.739726
7096547	33.75	3	0.8219178
7109376	0.0	0	0.0
7109735	79.166664	5	1.369863
7110655	495.0	60	16.438356
7110923	326.66666	20	5.479452
7116795	676.0	48	13.150684
7118258	60.0	6	1.6438355
7127036	25.0	2	0.5479452
7128310	58.333332	7	1.9178082
7131797	333.75	45	12.328767
7134759	80.0	16	4.3835616
714043	516.0	72	19.726028
7149703	118.0	24	6.575342
7151093	0.0	0	0.0
7151107	124.583336	5	1.369863
7151417	166.66667	10	2.739726
7151924	225.0	18	4.931507
7153101	260.66666	34	9.315068
7161725	128.33333	14	3.8356164
7161897	525.0	42	11.506849
7162664	366.66666	20	5.479452
7163934	70.833336	10	2.739726
716829	5.1666665	1	0.2739726
7178239	8.166667	2	0.5479452
7178490	250.0	24	6.575342
7179337	115.5	14	3.8356164
7179783	8.25	1	0.2739726
7180032	0.0	0	0.0
719233	2932.5	510	139.72603
7198282	68.75	15	4.109589
7201336	91.0	28	7.6712327
7202016	200.0	32	8.767123
7203408	150.0	15	4.109589
7203765	27.5	3	0.8219178
7204672	33.333332	2	0.5479452
7205443	82.5	10	2.739726
7207641	435.0	15	4.109589
7208439	210.83333	22	6.027397
7217102	77.333336	4	1.0958904
7219541	6.6666665	1	0.2739726
7219838	90.0	18	4.931507
7221204	77.916664	11	3.0136986
7222136	157.5	14	3.8356164
722537	3116.6667	170	46.575344
7226013	68.75	11	3.0136986
7227464	354.16666	34	9.315068
7228435	0.0	0	0.0
7228499	988.8333	34	9.315068
7229015	333.5	58	15.89041
7229312	50.0	4	1.0958904
7229743	0.0	0	0.0
7235573	186.66667	16	4.3835616
723723	12658.333	980	268.49316
723846	283.08334	43	11.780823
7239217	95.0	12	3.287671
7241235	100.0	12	3.287671
7241905	67.083336	7	1.9178082
7243974	116.666664	10	2.739726
7245586	50.0	10	2.739726
7245692	30.416666	5	1.369863
7247518	130.0	12	3.287671
7247720	210.0	36	9.863014
7247767	234.0	36	9.863014
7249508	300.0	24	6.575342
7249631	475.0	38	10.410959
7256122	151.66667	28	7.6712327
7258811	0.0	0	0.0
7262142	292.5	54	14.794521
7262358	35.0	2	0.5479452
7263506	42.5	6	1.6438355
7264667	220.5	14	3.8356164
7266662	133.33333	20	5.479452
72743	435.41666	95	26.027397
7274556	80.0	24	6.575342
7275027	0.0	0	0.0
7275464	303.33334	26	7.1232877
7278583	75.0	4	1.0958904
7279669	0.0	0	0.0
7291403	50.0	4	1.0958904
7302675	0.0	0	0.0
7305969	202.5	27	7.3972607
7308331	247.5	15	4.109589
7308567	450.0	36	9.863014
7311407	132.0	16	4.3835616
7322718	83.0	4	1.0958904
7324041	158.0	24	6.575342
7324993	350.0	24	6.575342
7325455	6.25	1	0.2739726
7326419	151.66667	28	7.6712327
7327623	329.0	42	11.506849
7329805	233.33333	14	3.8356164
7329915	63.0	6	1.6438355
7331079	100.0	4	1.0958904
7332364	50.0	2	0.5479452
7335567	189.33333	32	8.767123
7343707	525.0	28	7.6712327
7344117	1133.3334	32	8.767123
7347229	447.0	36	9.863014
7348578	100.0	30	8.219178
7349029	450.0	54	14.794521
7349099	47.5	6	1.6438355
7350059	135.0	18	4.931507
7350870	273.75	9	2.4657536
7350992	132.0	18	4.931507
7353834	31.0	4	1.0958904
7360078	125.0	12	3.287671
7362757	364.0	52	14.246575
7363462	105.0	28	7.6712327
7363701	273.16666	22	6.027397
7363727	151.66667	26	7.1232877
7364024	91.666664	10	2.739726
7364146	50.0	6	1.6438355
7368030	43.75	5	1.369863
7368959	130.0	15	4.109589
7369	283.33334	40	10.958904
7381005	49.5	6	1.6438355
7381677	431.16666	26	7.1232877
7382303	625.0	50	13.69863
7382368	3.3333333	1	0.2739726
7386675	20.833334	1	0.2739726
7387294	150.0	24	6.575342
7388225	208.33333	5	1.369863
7388899	64.166664	14	3.8356164
7389248	175.0	6	1.6438355
7389483	43.75	3	0.8219178
7389950	99.0	12	3.287671
7390195	112.5	18	4.931507
7391003	268.75	43	11.780823
7396508	250.0	20	5.479452
7396707	316.66666	38	10.410959
7397476	291.66666	14	3.8356164
7400955	180.0	9	2.4657536
7401671	200.0	30	8.219178
7401854	63.333332	8	2.1917808
7402190	303.33334	56	15.342465
7402861	45.0	12	3.287671
7403174	333.33334	32	8.767123
7404370	43.333332	4	1.0958904
7405128	0.0	0	0.0
7411863	83.333336	40	10.958904
7415378	16.666666	1	0.2739726
741699	2030.0	145	39.72603
7417852	59.583332	11	3.0136986
7418814	330.0	36	9.863014
7420339	58.333332	4	1.0958904
7420488	30.0	8	2.1917808
7420762	255.0	34	9.315068
7421950	368.33334	34	9.315068
7429207	56.0	4	1.0958904
7430679	35.0	7	1.9178082
7430926	322.0	56	15.342465
7431247	25.0	2	0.5479452
74328	812.6667	106	29.041096
7434103	38.333332	5	1.369863
7435912	46.666668	8	2.1917808
7437784	0.0	0	0.0
7438635	220.0	12	3.287671
7439802	962.5	21	5.7534246
7440415	100.0	12	3.287671
7441508	92.083336	17	4.657534
745099	0.0	0	0.0
7451624	406.0	29	7.945205
7452021	62.5	6	1.6438355
7454026	577.5	14	3.8356164
7455068	147.5	30	8.219178
7455706	23.333334	4	1.0958904
7459637	36.333332	4	1.0958904
7459684	134.58333	17	4.657534
7462428	45.833332	11	3.0136986
7462439	4.9166665	1	0.2739726
746380	1621.5	282	77.26028
7471629	177.75	27	7.3972607
7480196	232.16667	14	3.8356164
7480843	0.0	0	0.0
7481498	229.16667	22	6.027397
7483750	278.25	53	14.520548
748526	655.5	114	31.232876
7492006	105.0	18	4.931507
7492877	105.0	7	1.9178082
7496485	77.083336	5	1.369863
749758	106.166664	13	3.5616438
7499506	140.0	14	3.8356164
7500000	100.0	10	2.739726
7500191	89.25	9	2.4657536
7500728	231.0	28	7.6712327
7500976	28.75	3	0.8219178
7501583	0.0	0	0.0
7501919	175.0	14	3.8356164
7502246	190.75	21	5.7534246
7506165	466.66666	20	5.479452
7510776	298.5	18	4.931507
7513198	91.666664	4	1.0958904
7513623	0.0	0	0.0
7514366	39.583332	5	1.369863
7517215	24.75	3	0.8219178
7517684	162.5	13	3.5616438
7518316	17.5	3	0.8219178
7518794	140.0	14	3.8356164
752483	346.66666	26	7.1232877
7527242	712.5	90	24.657534
7529124	131.66667	20	5.479452
7531405	113.333336	16	4.3835616
7533537	127.5	18	4.931507
7533901	96.75	9	2.4657536
7534300	62.5	6	1.6438355
7534398	46.0	8	2.1917808
7534812	69.5	6	1.6438355
7535055	37.5	3	0.8219178
7536074	15.416667	1	0.2739726
7536219	60.666668	8	2.1917808
7543458	185.41667	25	6.849315
7544337	66.666664	8	2.1917808
7547290	275.0	30	8.219178
7547611	168.75	9	2.4657536
7550234	76.666664	23	6.3013697
755613	682.3333	92	25.205479
7557951	25.0	3	0.8219178
7559939	10.833333	2	0.5479452
7561254	51.25	15	4.109589
7561272	109.666664	28	7.6712327
7561333	163.33333	28	7.6712327
7562331	0.0	0	0.0
7562591	89.583336	5	1.369863
7563243	208.33333	25	6.849315
7564942	20.0	4	1.0958904
7574864	29.083334	1	0.2739726
7577073	0.0	0	0.0
757840	4083.3333	196	53.698627
7579854	222.5	30	8.219178
7580593	0.0	0	0.0
7581631	165.0	18	4.931507
7581974	70.0	8	2.1917808
7584142	0.0	0	0.0
7585688	119.166664	22	6.027397
7596455	20.0	2	0.5479452
7596934	30.0	4	1.0958904
7597244	41.666668	4	1.0958904
7598743	240.0	16	4.3835616
7601333	179.16667	10	2.739726
7601766	31.25	5	1.369863
7603135	75.0	4	1.0958904
7603457	87.5	10	2.739726
7604621	155.83333	22	6.027397
7614244	8.75	1	0.2739726
7615170	56.666668	8	2.1917808
7616008	472.5	42	11.506849
7616031	104.166664	10	2.739726
7616507	283.33334	17	4.657534
7618526	28.333334	4	1.0958904
7618605	72.916664	5	1.369863
7619060	109.25	19	5.2054796
7619727	16.666666	1	0.2739726
762029	1910.0	382	104.65753
7620570	25.0	2	0.5479452
7627794	182.5	10	2.739726
7630155	13.333333	2	0.5479452
7634011	208.0	24	6.575342
7635496	21.666666	4	1.0958904
7635966	36.666668	2	0.5479452
7636185	180.0	24	6.575342
7638263	12.5	3	0.8219178
7638282	368.33334	34	9.315068
7638689	50.0	4	1.0958904
7646637	41.25	5	1.369863
7647221	57.5	6	1.6438355
7648716	54.166668	5	1.369863
7650458	81.666664	14	3.8356164
7651148	49.5	9	2.4657536
7651602	0.0	0	0.0
7651653	183.75	21	5.7534246
7651702	58.333332	7	1.9178082
7653539	23.75	3	0.8219178
7660932	229.16667	22	6.027397
7661577	163.5	18	4.931507
7662775	283.33334	17	4.657534
7664565	125.0	25	6.849315
7664899	29.5	3	0.8219178
7665114	0.0	0	0.0
7665392	210.0	24	6.575342
7665415	81.75	9	2.4657536
7666155	79.666664	4	1.0958904
7667990	13.333333	1	0.2739726
7674720	8.5	2	0.5479452
7676574	250.0	12	3.287671
7678064	232.5	9	2.4657536
7678429	0.0	0	0.0
7678814	55.0	6	1.6438355
7679928	11.25	3	0.8219178
7680289	395.83334	38	10.410959
7680439	78.666664	16	4.3835616
7680670	99.166664	10	2.739726
7685745	80.0	16	4.3835616
769213	5084.0	492	134.79453
7692789	81.666664	14	3.8356164
7695195	22.5	3	0.8219178
7697170	896.25	45	12.328767
7697340	200.0	4	1.0958904
7698721	9.75	1	0.2739726
7698916	87.5	14	3.8356164
7699096	293.33334	32	8.767123
7699356	75.0	6	1.6438355
7699495	157.5	18	4.931507
7701014	11.5	2	0.5479452
7710713	158.66667	16	4.3835616
7713043	43.75	7	1.9178082
7714294	68.5	6	1.6438355
7714585	45.833332	10	2.739726
7717478	0.0	0	0.0
7717653	0.0	0	0.0
7717813	281.66666	26	7.1232877
7718139	21.666666	4	1.0958904
7718203	60.0	9	2.4657536
7724630	4.1666665	1	0.2739726
7725597	60.0	6	1.6438355
7727428	0.0	0	0.0
7731836	17.5	3	0.8219178
7732071	53.75	5	1.369863
7733192	749.0	12	3.287671
7735100	54.166668	10	2.739726
7735282	74.25	9	2.4657536
7735313	333.25	31	8.493151
7735464	0.0	0	0.0
7742525	9.666667	2	0.5479452
7743727	0.0	0	0.0
7745016	16.666666	4	1.0958904
7745196	134.16667	14	3.8356164
7746170	65.0	12	3.287671
774659	700.0	80	21.917809
7748349	64.166664	14	3.8356164
7748778	0.0	0	0.0
7748866	213.33333	32	8.767123
7748905	328.0	48	13.150684
7750477	32.5	2	0.5479452
7756839	164.0	24	6.575342
7760836	52.5	6	1.6438355
7761509	0.0	0	0.0
7762347	0.0	0	0.0
7763298	266.66666	40	10.958904
7763613	235.91667	19	5.2054796
7763878	30.0	2	0.5479452
7768727	200.0	32	8.767123
7771531	171.16667	26	7.1232877
777159	237.5	19	5.2054796
7772661	16.5	2	0.5479452
7773668	103.5	18	4.931507
7773851	92.5	6	1.6438355
7775167	53.166668	11	3.0136986
7775663	211.25	15	4.109589
7776701	89.666664	4	1.0958904
7777219	25.0	4	1.0958904
7777381	186.66667	28	7.6712327
7784802	133.33333	16	4.3835616
7788695	187.0	33	9.041096
7789264	178.5	18	4.931507
7789438	440.16666	38	10.410959
7791010	177.75	27	7.3972607
7798575	25.333334	8	2.1917808
7800143	375.0	20	5.479452
7800238	255.0	36	9.863014
7802149	14.0	2	0.5479452
7802266	27.0	2	0.5479452
7805332	190.66667	26	7.1232877
7805491	32.083332	7	1.9178082
7806698	61.0	6	1.6438355
7807087	74.166664	10	2.739726
7807090	63.5	6	1.6438355
7807169	58.5	6	1.6438355
7807658	9.833333	1	0.2739726
7808495	33.333332	4	1.0958904
7809455	68.25	21	5.7534246
7809494	247.5	18	4.931507
7809595	354.66666	56	15.342465
7809718	208.33333	10	2.739726
781474	14.166667	2	0.5479452
7821003	10.833333	2	0.5479452
7821351	50.0	4	1.0958904
7823973	210.0	21	5.7534246
7824426	127.5	18	4.931507
7824870	0.0	0	0.0
7824929	34.5	6	1.6438355
7826447	75.0	9	2.4657536
7826541	11.666667	1	0.2739726
7826593	46.333332	4	1.0958904
7828222	32.5	3	0.8219178
7828509	5.0	1	0.2739726
783061	170.0	34	9.315068
7833113	146.66667	32	8.767123
7836953	83.333336	4	1.0958904
7838294	0.0	0	0.0
7839535	25.333334	4	1.0958904
7839723	25.0	2	0.5479452
7840228	183.0	12	3.287671
7843145	104.166664	10	2.739726
7843837	0.0	0	0.0
7843995	344.0	32	8.767123
7844444	50.0	6	1.6438355
7853358	155.83333	22	6.027397
7853498	21.666666	4	1.0958904
7857241	400.0	12	3.287671
785830	333.33334	10	2.739726
7858454	75.0	6	1.6438355
7859906	60.0	12	3.287671
7859909	134.16667	14	3.8356164
7860710	100.833336	11	3.0136986
7860837	66.0	8	2.1917808
7869223	33.333332	2	0.5479452
7870538	93.75	5	1.369863
7871807	20.833334	2	0.5479452
7871885	270.83334	26	7.1232877
7872818	155.83333	22	6.027397
7872980	175.0	10	2.739726
7873208	4.8333335	2	0.5479452
7873345	33.833332	14	3.8356164
7873789	229.16667	22	6.027397
7874053	20.833334	1	0.2739726
7875887	120.0	16	4.3835616
788146	348.0	72	19.726028
7881802	200.0	8	2.1917808
7883181	20.0	4	1.0958904
7884782	720.0	72	19.726028
7885859	0.0	0	0.0
7886656	272.0	24	6.575342
7887651	21.25	3	0.8219178
789229	1117.5	90	24.657534
789966	980.0	112	30.68493
7900056	165.83333	10	2.739726
7900497	7.0833335	1	0.2739726
7901318	81.666664	10	2.739726
7901725	0.0	0	0.0
7902068	46.666668	16	4.3835616
7902137	266.0	38	10.410959
7902229	0.0	0	0.0
7902268	37.0	12	3.287671
7902330	74.75	23	6.3013697
7902382	46.666668	16	4.3835616
7902569	180.0	30	8.219178
790860	150.0	4	1.0958904
7914021	36.666668	4	1.0958904
7915432	3.3333333	1	0.2739726
7916754	11.666667	1	0.2739726
7917700	8.25	1	0.2739726
7917718	77.916664	17	4.657534
7920539	206.25	15	4.109589
7921278	41.666668	10	2.739726
7921289	33.166668	2	0.5479452
7921453	0.0	0	0.0
7922013	8.166667	2	0.5479452
7922063	3.5	1	0.2739726
7922197	210.83333	22	6.027397
7922373	16.5	2	0.5479452
7922581	302.08334	29	7.945205
7922663	8.166667	2	0.5479452
7922676	0.0	0	0.0
7931111	79.333336	14	3.8356164
7931386	116.666664	8	2.1917808
7932696	311.66666	34	9.315068
7934356	27.5	3	0.8219178
7934963	73.5	18	4.931507
7935437	49.5	6	1.6438355
793629	862.9167	109	29.863014
7936712	220.0	22	6.027397
7936877	0.0	0	0.0
7938153	26.25	5	1.369863
7938941	0.0	0	0.0
7939058	43.75	7	1.9178082
7940358	23.166666	2	0.5479452
7941079	37.916668	7	1.9178082
794633	1777.5	270	73.9726
7948034	0.0	0	0.0
7949448	155.83333	22	6.027397
7952032	0.0	0	0.0
7952930	150.0	24	6.575342
7953211	114.0	12	3.287671
7954781	8.333333	1	0.2739726
7956227	58.333332	7	1.9178082
7956337	29.25	9	2.4657536
7957689	50.0	6	1.6438355
7957729	0.0	0	0.0
7957904	20.0	2	0.5479452
7965184	56.25	5	1.369863
796594	1094.5	66	18.082191
7967844	214.0	24	6.575342
7968548	50.75	7	1.9178082
7969698	8.083333	1	0.2739726
7970663	75.0	6	1.6438355
7971334	301.0	28	7.6712327
7971395	55.833332	10	2.739726
797358	759.3333	134	36.712326
7974112	72.5	10	2.739726
7975026	10.0	1	0.2739726
7984550	0.0	0	0.0
7984738	0.0	0	0.0
7985714	16.666666	5	1.369863
7987836	28.333334	4	1.0958904
7987846	24.75	3	0.8219178
7988300	70.416664	13	3.5616438
7988337	134.16667	14	3.8356164
7988436	108.333336	20	5.479452
7988792	0.0	0	0.0
7995944	187.5	25	6.849315
799882	106.666664	32	8.767123
7999692	25.0	2	0.5479452
7999972	0.0	0	0.0
8000037	0.0	0	0.0
8002965	63.333332	20	5.479452
8006745	113.75	21	5.7534246
8009814	36.166668	7	1.9178082
8012443	64.166664	11	3.0136986
8014547	57.0	6	1.6438355
8015531	380.0	40	10.958904
8016309	86.666664	16	4.3835616
8016481	148.0	12	3.287671
8016610	150.5	14	3.8356164
8016646	30.0	3	0.8219178
8017832	20.416666	5	1.369863
80188	1263.5	133	36.438354
8027776	297.0	36	9.863014
8028801	58.333332	14	3.8356164
8029177	66.666664	8	2.1917808
8033438	73.5	18	4.931507
8034871	95.0	12	3.287671
8035212	516.6667	62	16.986301
8036620	350.0	8	2.1917808
8036985	518.0	37	10.136987
803902	437.5	21	5.7534246
8046691	18.333334	2	0.5479452
8047522	100.0	8	2.1917808
8048333	0.0	0	0.0
8049470	68.833336	14	3.8356164
8050232	75.0	10	2.739726
8050642	262.5	9	2.4657536
8051134	78.166664	14	3.8356164
8052307	20.0	6	1.6438355
8052542	56.0	4	1.0958904
8053049	150.0	12	3.287671
8053128	14.75	3	0.8219178
8053396	525.0	42	11.506849
8053554	0.0	0	0.0
8053921	56.25	15	4.109589
8053990	86.666664	16	4.3835616
8054518	129.33333	16	4.3835616
8054892	107.5	6	1.6438355
8054902	166.66667	20	5.479452
8061699	6.6666665	2	0.5479452
8064351	58.333332	14	3.8356164
8065531	156.0	24	6.575342
8065715	91.0	14	3.8356164
8066883	82.5	18	4.931507
8067001	52.5	7	1.9178082
8067053	15.0	3	0.8219178
8067827	10.0	1	0.2739726
8068232	125.0	6	1.6438355
8069192	0.0	0	0.0
8072850	30.0	4	1.0958904
8072907	230.0	24	6.575342
8072920	100.0	15	4.109589
8080939	83.333336	5	1.369863
808134	164.16667	10	2.739726
8081658	62.5	5	1.369863
8082659	212.5	17	4.657534
8083242	57.5	6	1.6438355
8086294	10.5	3	0.8219178
8087037	0.0	0	0.0
808811	1312.5	90	24.657534
8088447	8.583333	1	0.2739726
8089214	0.0	0	0.0
8089781	85.0	34	9.315068
8090541	50.0	5	1.369863
8091417	0.0	0	0.0
8093529	44.5	6	1.6438355
8094338	40.833332	7	1.9178082
8095168	5.8333335	1	0.2739726
8097708	41.666668	2	0.5479452
8098383	143.75	23	6.3013697
8099917	0.0	0	0.0
8100190	182.0	14	3.8356164
8101251	95.333336	8	2.1917808
8101791	0.0	0	0.0
8101950	89.75	3	0.8219178
8102064	16.333334	4	1.0958904
8102349	23.0	4	1.0958904
8103365	37.5	3	0.8219178
8103432	23.333334	2	0.5479452
8104742	47.5	2	0.5479452
8105221	66.666664	10	2.739726
8105351	89.0	12	3.287671
8106263	0.0	0	0.0
8106277	11.25	1	0.2739726
8107555	0.0	0	0.0
8116395	168.58333	17	4.657534
8116504	0.0	0	0.0
8117705	11.166667	2	0.5479452
8118110	0.0	0	0.0
8118346	0.0	0	0.0
8119192	43.75	7	1.9178082
8129537	0.0	0	0.0
8129676	50.0	6	1.6438355
8130015	7.3333335	1	0.2739726
8131762	0.0	0	0.0
8131881	60.0	16	4.3835616
8132007	141.66667	20	5.479452
8132347	0.0	0	0.0
8136553	6.6666665	1	0.2739726
8147215	120.0	8	2.1917808
8147986	72.916664	5	1.369863
8150045	64.166664	14	3.8356164
8150145	320.83334	14	3.8356164
815017	623.3333	136	37.260273
8150395	93.0	12	3.287671
8152191	108.166664	22	6.027397
8152764	8.25	1	0.2739726
8153673	82.5	9	2.4657536
8154238	0.0	0	0.0
8155580	16.666666	4	1.0958904
8155710	28.0	8	2.1917808
8156764	0.0	0	0.0
8156860	0.0	0	0.0
8156894	0.0	0	0.0
8157486	0.0	0	0.0
8168476	39.25	3	0.8219178
8168876	59.75	3	0.8219178
8170683	0.0	0	0.0
817115	1008.3333	242	66.30137
8171726	25.5	1	0.2739726
8173487	93.333336	4	1.0958904
8173825	0.0	0	0.0
8174285	39.583332	5	1.369863
8174389	31.5	2	0.5479452
8174626	198.33333	28	7.6712327
8174943	36.666668	8	2.1917808
8186781	421.33334	32	8.767123
8187537	495.0	54	14.794521
8187592	30.0	2	0.5479452
8193054	275.0	30	8.219178
8193241	440.0	48	13.150684
8193332	8.333333	1	0.2739726
8193516	123.0	18	4.931507
8194164	10.0	2	0.5479452
8194286	16.666666	2	0.5479452
8194782	116.666664	14	3.8356164
8194886	0.0	0	0.0
8195348	15.0	3	0.8219178
8195629	75.0	9	2.4657536
8196883	0.0	0	0.0
8207848	64.75	3	0.8219178
8207987	0.0	0	0.0
8209686	0.0	0	0.0
8212190	87.5	7	1.9178082
8212989	10.25	3	0.8219178
8221520	291.66666	14	3.8356164
8225635	0.0	0	0.0
8227038	78.0	8	2.1917808
8227710	200.0	6	1.6438355
8233110	0.0	0	0.0
8236094	11.666667	4	1.0958904
823989	1443.75	165	45.20548
8240758	37.5	6	1.6438355
8241019	0.0	0	0.0
8242212	70.0	8	2.1917808
8248970	125.0	6	1.6438355
8251213	129.0	12	3.287671
8253456	283.33334	20	5.479452
8253758	0.0	0	0.0
8253955	262.5	21	5.7534246
8255196	19.666666	4	1.0958904
8255615	67.5	9	2.4657536
825574	1000.0	80	21.917809
8257837	0.0	0	0.0
826436	487.5	78	21.369862
8267620	0.0	0	0.0
8273031	250.0	5	1.369863
8273948	184.16667	26	7.1232877
82763	100.0	12	3.287671
8276416	45.833332	10	2.739726
828298	612.5	42	11.506849
8286095	0.0	0	0.0
8289871	0.0	0	0.0
8292326	0.0	0	0.0
8293287	117.333336	16	4.3835616
8294379	18.333334	4	1.0958904
8296857	52.666668	4	1.0958904
8301680	14.583333	1	0.2739726
8306501	37.916668	7	1.9178082
8306581	23.333334	2	0.5479452
8306646	0.0	0	0.0
8307502	150.0	6	1.6438355
8308316	192.5	14	3.8356164
8308353	37.916668	7	1.9178082
8308386	0.0	0	0.0
830948	21.25	3	0.8219178
8310249	75.0	12	3.287671
8310398	118.75	19	5.2054796
8310576	100.0	10	2.739726
8311242	136.5	14	3.8356164
8322107	0.0	0	0.0
8326413	52.5	9	2.4657536
8326940	0.0	0	0.0
8327083	87.5	3	0.8219178
8327124	87.5	3	0.8219178
8327765	0.0	0	0.0
8338155	5.4166665	1	0.2739726
8338849	32.083332	7	1.9178082
8339303	0.0	0	0.0
8339428	105.0	14	3.8356164
8339580	37.5	3	0.8219178
8340819	10.833333	2	0.5479452
8340841	583.3333	56	15.342465
8341720	22.25	3	0.8219178
8342429	132.0	16	4.3835616
8342968	10.833333	2	0.5479452
8350401	15.0	2	0.5479452
835149	1271.1666	263	72.054794
8354452	0.0	0	0.0
8355276	75.833336	14	3.8356164
8356608	0.0	0	0.0
8365938	6.6666665	1	0.2739726
8369321	10.333333	2	0.5479452
8371720	0.0	0	0.0
8372038	300.0	30	8.219178
8372562	69.75	3	0.8219178
8373664	76.666664	8	2.1917808
8373832	0.0	0	0.0
8374102	75.833336	10	2.739726
8379081	45.833332	10	2.739726
8385444	33.5	6	1.6438355
8385687	166.66667	8	2.1917808
8387068	34.75	3	0.8219178
838764	680.0	34	9.315068
8389809	10.833333	2	0.5479452
8391954	100.0	6	1.6438355
8392661	112.5	15	4.109589
8392801	83.333336	10	2.739726
8402434	0.0	0	0.0
84030	1650.0	180	49.315067
8409695	0.0	0	0.0
8409750	213.5	14	3.8356164
8409773	0.0	0	0.0
8409926	43.75	15	4.109589
8409941	34.0	12	3.287671
8409949	57.0	19	5.2054796
8409962	35.0	12	3.287671
8409969	71.75	21	5.7534246
8409975	31.166666	11	3.0136986
841049	1348.5	279	76.438354
841140	801.6667	52	14.246575
8411627	25.0	6	1.6438355
8411663	0.0	0	0.0
8412143	210.83333	22	6.027397
841274	1552.5	207	56.71233
8418650	200.0	24	6.575342
8424532	408.33334	14	3.8356164
8425013	262.5	9	2.4657536
8426827	101.25	9	2.4657536
8427227	47.916668	5	1.369863
8427254	0.0	0	0.0
8428825	0.0	0	0.0
8431178	0.0	0	0.0
843812	450.0	30	8.219178
8441263	0.0	0	0.0
8441477	175.0	12	3.287671
8443258	56.333332	4	1.0958904
8443952	0.0	0	0.0
8446120	0.0	0	0.0
8446347	0.0	0	0.0
8446689	83.0	4	1.0958904
8446766	10.25	3	0.8219178
844939	198.0	24	6.575342
8453633	29.166666	2	0.5479452
8455865	167.5	6	1.6438355
8457402	37.5	10	2.739726
8459215	0.0	0	0.0
8463726	17.916666	5	1.369863
8472954	12.75	3	0.8219178
8473056	23.166666	2	0.5479452
8473625	24.666666	2	0.5479452
8474253	0.0	0	0.0
8474294	13.5	2	0.5479452
8474584	26.0	4	1.0958904
8474605	0.0	0	0.0
8483477	14.833333	1	0.2739726
8483744	11.5	2	0.5479452
8484705	0.0	0	0.0
8487843	258.0	24	6.575342
8501705	135.66667	22	6.027397
8501721	25.0	3	0.8219178
8503556	0.0	0	0.0
8503720	100.0	15	4.109589
8505421	12.5	1	0.2739726
8505940	128.33333	28	7.6712327
8507062	55.0	12	3.287671
8507873	83.333336	10	2.739726
8508223	27.083334	1	0.2739726
8508341	12.5	1	0.2739726
8515408	55.0	6	1.6438355
8517235	20.0	2	0.5479452
8517602	177.08333	25	6.849315
8518308	105.083336	13	3.5616438
8524349	70.0	8	2.1917808
8524565	41.666668	10	2.739726
8525338	0.0	0	0.0
8525825	6.25	1	0.2739726
8533375	52.5	6	1.6438355
8535897	86.666664	13	3.5616438
8536441	85.0	12	3.287671
8537192	0.0	0	0.0
8538420	83.333336	10	2.739726
8538630	0.0	0	0.0
8541389	0.0	0	0.0
8551871	32.666668	8	2.1917808
8553556	125.0	12	3.287671
8555098	0.0	0	0.0
8555304	7.0833335	1	0.2739726
8555794	0.0	0	0.0
8556103	48.333332	4	1.0958904
8556665	94.0	12	3.287671
8559462	14.333333	2	0.5479452
8562314	0.0	0	0.0
856550	1730.0	346	94.79452
8566242	33.333332	2	0.5479452
8566475	0.0	0	0.0
8566501	0.0	0	0.0
8567933	86.25	9	2.4657536
8568567	35.0	3	0.8219178
8570596	0.0	0	0.0
8571518	70.666664	8	2.1917808
8575663	0.0	0	0.0
8578023	75.0	9	2.4657536
8578490	10.833333	2	0.5479452
8579782	105.0	9	2.4657536
8583457	166.66667	10	2.739726
8594059	20.833334	2	0.5479452
8594406	6.25	1	0.2739726
859467	780.0	48	13.150684
8594717	220.08333	19	5.2054796
8596938	0.0	0	0.0
8597687	3.9166667	1	0.2739726
8597800	12.25	3	0.8219178
8605841	24.666666	4	1.0958904
8606766	0.0	0	0.0
8608233	12.5	1	0.2739726
8608414	0.0	0	0.0
8608525	19.833334	2	0.5479452
8611952	32.5	2	0.5479452
8612922	93.75	9	2.4657536
8613792	12.5	1	0.2739726
8616488	74.25	11	3.0136986
8616606	245.0	28	7.6712327
8617043	25.0	3	0.8219178
8617171	65.333336	8	2.1917808
86185	474.0	72	19.726028
8626068	0.0	0	0.0
8627921	151.66667	26	7.1232877
8631419	90.0	6	1.6438355
8632651	45.0	4	1.0958904
8633733	22.333334	4	1.0958904
8634897	270.0	12	3.287671
8637174	300.0	30	8.219178
8643209	23.333334	4	1.0958904
8645226	54.083332	11	3.0136986
8652185	47.833332	2	0.5479452
8653722	70.833336	10	2.739726
8653843	16.666666	4	1.0958904
8666707	18.75	3	0.8219178
8668073	0.0	0	0.0
8668410	37.333332	4	1.0958904
8670079	0.0	0	0.0
8670484	10.0	4	1.0958904
8673979	38.333332	4	1.0958904
8674765	0.0	0	0.0
8683011	42.5	6	1.6438355
8684315	58.5	9	2.4657536
8687716	137.5	6	1.6438355
8687967	10.0	3	0.8219178
8689375	0.0	0	0.0
8690491	158.33333	20	5.479452
8691263	313.33334	20	5.479452
8699046	0.0	0	0.0
8703208	119.0	12	3.287671
8703557	0.0	0	0.0
8704438	99.333336	8	2.1917808
8704931	37.916668	5	1.369863
8704964	0.0	0	0.0
8714974	0.0	0	0.0
8715320	0.0	0	0.0
8717068	5.6666665	1	0.2739726
8717758	0.0	0	0.0
8718936	0.0	0	0.0
872152	455.0	30	8.219178
8722230	0.0	0	0.0
8723086	106.25	15	4.109589
8724134	0.0	0	0.0
873073	175.0	12	3.287671
8734809	23.333334	4	1.0958904
8735996	0.0	0	0.0
8737284	32.5	6	1.6438355
8741711	70.0	8	2.1917808
8742753	0.0	0	0.0
8743202	18.333334	4	1.0958904
8754180	87.5	6	1.6438355
8755479	39.166668	2	0.5479452
8755762	120.0	15	4.109589
8759443	7.5	2	0.5479452
8764748	0.0	0	0.0
8765219	66.666664	4	1.0958904
8766231	0.0	0	0.0
877203	270.0	54	14.794521
8774504	36.333332	4	1.0958904
8779676	65.0	12	3.287671
8780704	0.0	0	0.0
8782852	0.0	0	0.0
8783900	38.75	3	0.8219178
8784239	0.0	0	0.0
8785768	0.0	0	0.0
879181	310.0	62	16.986301
8799162	0.0	0	0.0
8799588	3.25	1	0.2739726
8799909	0.0	0	0.0
8805211	36.5	2	0.5479452
8811781	63.5	6	1.6438355
8811945	0.0	0	0.0
8812578	12.5	1	0.2739726
8814555	0.0	0	0.0
8814802	0.0	0	0.0
8815061	115.833336	10	2.739726
8815638	23.166666	2	0.5479452
8817033	60.5	11	3.0136986
8817038	170.0	24	6.575342
8820414	0.0	0	0.0
882274	2488.5	378	103.56164
8828781	0.0	0	0.0
8829089	0.0	0	0.0
8829156	43.75	7	1.9178082
8829472	115.833336	10	2.739726
8829474	46.333332	4	1.0958904
8831088	0.0	0	0.0
8842808	0.0	0	0.0
8843162	6.6666665	2	0.5479452
8845144	0.0	0	0.0
8845310	0.0	0	0.0
8847108	77.916664	11	3.0136986
8847951	0.0	0	0.0
8847979	103.833336	14	3.8356164
8848403	6.5	2	0.5479452
8848854	12.5	1	0.2739726
8849095	0.0	0	0.0
8849407	0.0	0	0.0
8849596	0.0	0	0.0
8859380	300.0	12	3.287671
8863714	47.5	6	1.6438355
8865006	0.0	0	0.0
8866331	0.0	0	0.0
8866927	27.083334	5	1.369863
8866960	27.5	6	1.6438355
8868025	0.0	0	0.0
8868833	63.333332	8	2.1917808
8869027	241.66667	20	5.479452
8869680	49.583332	7	1.9178082
8870139	6.5833335	1	0.2739726
8882345	0.0	0	0.0
8884826	30.5	3	0.8219178
8886847	0.0	0	0.0
8889257	82.5	6	1.6438355
888967	540.0	72	19.726028
8890682	28.333334	2	0.5479452
8891577	175.0	3	0.8219178
8901863	0.0	0	0.0
8902327	26.333334	4	1.0958904
8902887	45.0	6	1.6438355
8904748	62.5	6	1.6438355
8904766	6.3333335	2	0.5479452
890677	1347.5	110	30.136988
8907548	0.0	0	0.0
8919070	10.0	4	1.0958904
8919372	91.666664	10	2.739726
8921924	5.8333335	2	0.5479452
8922153	0.0	0	0.0
8922554	32.5	3	0.8219178
8923774	26.666666	4	1.0958904
8924032	15.833333	2	0.5479452
8925878	50.0	4	1.0958904
8926060	11.5	2	0.5479452
8926188	145.83333	14	3.8356164
8934054	25.0	4	1.0958904
8939306	47.833332	14	3.8356164
8939433	43.0	12	3.287671
8939503	51.333332	14	3.8356164
8939595	54.833332	14	3.8356164
8939687	30.0	8	2.1917808
8939736	32.25	9	2.4657536
8941768	10.833333	1	0.2739726
8942678	150.0	4	1.0958904
8943380	0.0	0	0.0
8943821	16.0	4	1.0958904
8952253	32.333332	4	1.0958904
8953255	10.416667	1	0.2739726
8953857	0.0	0	0.0
8955477	19.166666	2	0.5479452
8956628	6.6666665	1	0.2739726
8956631	97.5	13	3.5616438
8957312	0.0	0	0.0
8958290	13.0	4	1.0958904
8967776	60.0	9	2.4657536
8968494	8.333333	2	0.5479452
8968925	0.0	0	0.0
8969737	0.0	0	0.0
8976178	37.083332	5	1.369863
8984454	0.0	0	0.0
8988178	27.25	3	0.8219178
8988281	0.0	0	0.0
8989807	0.0	0	0.0
8995844	83.333336	4	1.0958904
9011350	11.5	2	0.5479452
9012948	10.833333	1	0.2739726
9013210	15.0	3	0.8219178
9013441	42.5	6	1.6438355
9014572	0.0	0	0.0
9015088	56.25	5	1.369863
9016362	20.25	3	0.8219178
902243	383.33334	23	6.3013697
9023202	0.0	0	0.0
9024838	200.0	8	2.1917808
9025039	0.0	0	0.0
902609	1034.3334	214	58.63014
9028315	0.0	0	0.0
9028447	8.333333	1	0.2739726
9030406	0.0	0	0.0
9030929	17.5	6	1.6438355
9031119	23.166666	2	0.5479452
9033154	0.0	0	0.0
9034515	26.666666	4	1.0958904
904057	2968.75	375	102.73973
9048029	0.0	0	0.0
9048584	0.0	0	0.0
9050781	0.0	0	0.0
9061048	8.583333	1	0.2739726
9061439	0.0	0	0.0
9061868	84.5	6	1.6438355
9063355	0.0	0	0.0
9067268	0.0	0	0.0
9068366	0.0	0	0.0
9068419	42.5	6	1.6438355
9074837	25.0	3	0.8219178
9075558	17.0	6	1.6438355
9075656	40.833332	10	2.739726
9076287	13.0	2	0.5479452
9078843	0.0	0	0.0
9089308	75.0	6	1.6438355
909102	2227.5	270	73.9726
9091301	12.5	3	0.8219178
9094366	0.0	0	0.0
9094836	12.5	1	0.2739726
9094872	0.0	0	0.0
9095510	0.0	0	0.0
9095668	0.0	0	0.0
9096972	14.166667	2	0.5479452
9097503	49.583332	7	1.9178082
9097754	0.0	0	0.0
9098059	0.0	0	0.0
9098494	125.0	10	2.739726
910784	2750.0	264	72.328766
9109293	0.0	0	0.0
911001	0.0	0	0.0
9110410	0.0	0	0.0
9110560	7.5	2	0.5479452
9110730	31.25	5	1.369863
9116815	0.0	0	0.0
9117301	0.0	0	0.0
9117633	0.0	0	0.0
9118240	16.666666	1	0.2739726
9133711	0.0	0	0.0
9134193	6.6666665	1	0.2739726
9134196	9.083333	1	0.2739726
9136499	0.0	0	0.0
9137075	0.0	0	0.0
9137259	0.0	0	0.0
9137335	0.0	0	0.0
9137398	0.0	0	0.0
9137469	25.0	2	0.5479452
9137487	0.0	0	0.0
9137899	50.0	6	1.6438355
9138392	0.0	0	0.0
9138600	110.0	8	2.1917808
9138923	127.5	18	4.931507
9149612	0.0	0	0.0
9151374	78.75	9	2.4657536
9151865	6.25	1	0.2739726
9153365	31.25	5	1.369863
9154294	49.5	6	1.6438355
9154462	7.5	1	0.2739726
9155422	0.0	0	0.0
9156273	20.0	6	1.6438355
9157232	20.833334	5	1.369863
9158383	0.0	0	0.0
9159975	0.0	0	0.0
9167786	4.1666665	1	0.2739726
9168049	0.0	0	0.0
9169270	0.0	0	0.0
9170870	16.333334	2	0.5479452
9171373	0.0	0	0.0
9174327	9.833333	2	0.5479452
9174507	0.0	0	0.0
9183380	50.0	2	0.5479452
9183838	10.833333	1	0.2739726
9186256	13.25	1	0.2739726
9186481	0.0	0	0.0
9186681	0.0	0	0.0
9189391	0.0	0	0.0
9196007	0.0	0	0.0
9199082	0.0	0	0.0
9199982	94.0	12	3.287671
9201292	73.0	4	1.0958904
9202380	0.0	0	0.0
9210978	16.666666	1	0.2739726
921571	29.166666	7	1.9178082
9215782	19.166666	2	0.5479452
9216874	48.333332	4	1.0958904
9217030	50.0	4	1.0958904
9217150	18.5	3	0.8219178
9217337	0.0	0	0.0
9217446	11.666667	4	1.0958904
9218403	9.166667	1	0.2739726
9219567	0.0	0	0.0
9220485	0.0	0	0.0
9229043	0.0	0	0.0
922986	320.0	30	8.219178
9233533	23.75	3	0.8219178
9236814	0.0	0	0.0
9236961	7.5	1	0.2739726
9237535	0.0	0	0.0
9238818	51.0	6	1.6438355
9240289	0.0	0	0.0
9241055	0.0	0	0.0
9252998	0.0	0	0.0
9254900	0.0	0	0.0
9256702	45.0	6	1.6438355
9258305	0.0	0	0.0
9258513	0.0	0	0.0
9258687	0.0	0	0.0
9262389	52.0	8	2.1917808
9263252	9.583333	1	0.2739726
9280767	0.0	0	0.0
9281758	32.666668	4	1.0958904
9282348	0.0	0	0.0
9282409	28.333334	4	1.0958904
92835	2631.75	319	87.39726
9288840	0.0	0	0.0
9292039	8.25	1	0.2739726
9294683	183.16667	14	3.8356164
9294832	26.666666	8	2.1917808
9296887	0.0	0	0.0
9298045	19.75	3	0.8219178
9299824	0.0	0	0.0
9300972	3.75	1	0.2739726
9303530	12.5	1	0.2739726
9304465	0.0	0	0.0
931154	500.5	42	11.506849
9311687	51.0	9	2.4657536
9313974	0.0	0	0.0
9314106	0.0	0	0.0
9316009	0.0	0	0.0
9316399	13.333333	4	1.0958904
9317101	11.666667	2	0.5479452
931758	540.0	48	13.150684
931785	588.0	48	13.150684
9318440	66.666664	4	1.0958904
9318524	18.166666	2	0.5479452
9318853	0.0	0	0.0
9319891	0.0	0	0.0
9327585	57.5	10	2.739726
9328278	42.5	6	1.6438355
9328692	0.0	0	0.0
9329068	50.0	4	1.0958904
9330174	50.0	6	1.6438355
9331145	0.0	0	0.0
9331449	7.5	2	0.5479452
9332620	0.0	0	0.0
934123	231.66667	20	5.479452
934216	456.66666	40	10.958904
9342299	0.0	0	0.0
9345786	0.0	0	0.0
9347157	21.666666	4	1.0958904
9348375	0.0	0	0.0
9351911	0.0	0	0.0
9352620	0.0	0	0.0
9352778	36.666668	4	1.0958904
935432	114.0	12	3.287671
935671	563.5	46	12.602739
935845	598.1667	74	20.273973
935862	262.16666	22	6.027397
936177	382.5	34	9.315068
9362082	41.666668	2	0.5479452
936378	63.0	6	1.6438355
9364220	9.083333	1	0.2739726
9364302	0.0	0	0.0
936484	88.666664	14	3.8356164
9367465	25.0	2	0.5479452
9368342	0.0	0	0.0
9368517	0.0	0	0.0
9368573	0.0	0	0.0
9368677	10.416667	1	0.2739726
9368950	0.0	0	0.0
9369481	0.0	0	0.0
9370007	0.0	0	0.0
9370738	0.0	0	0.0
9370866	10.416667	1	0.2739726
9371895	0.0	0	0.0
9373607	20.5	6	1.6438355
937370	702.0	54	14.794521
9374358	95.0	12	3.287671
9374365	20.416666	7	1.9178082
9386179	34.5	6	1.6438355
9386509	23.0	4	1.0958904
9387189	7.5	1	0.2739726
938785	216.66667	26	7.1232877
9389755	29.75	3	0.8219178
9394485	19.833334	2	0.5479452
9394508	6.25	1	0.2739726
9395217	0.0	0	0.0
9407255	0.0	0	0.0
9407989	0.0	0	0.0
9408991	0.0	0	0.0
9409233	0.0	0	0.0
9410043	0.0	0	0.0
9410128	0.0	0	0.0
9410302	0.0	0	0.0
9411935	4.8333335	2	0.5479452
9414303	7.0833335	1	0.2739726
941467	1725.8334	218	59.72603
9415562	0.0	0	0.0
9416373	0.0	0	0.0
9416551	0.0	0	0.0
9419	1185.0	158	43.28767
942490	986.6667	148	40.547947
9426058	6.6666665	1	0.2739726
9429399	16.333334	2	0.5479452
9432322	0.0	0	0.0
9432497	17.916666	5	1.369863
9435279	0.0	0	0.0
9435483	0.0	0	0.0
9436832	166.66667	20	5.479452
944237	127.5	18	4.931507
9444769	0.0	0	0.0
9448215	5.5833335	1	0.2739726
9448719	0.0	0	0.0
9449062	6.5833335	1	0.2739726
9449437	0.0	0	0.0
945645	148.5	18	4.931507
9457328	0.0	0	0.0
945833	343.75	15	4.109589
9460	5940.0	720	197.26027
9460991	0.0	0	0.0
9462315	0.0	0	0.0
9463491	0.0	0	0.0
9463729	0.0	0	0.0
9465815	4.4166665	1	0.2739726
9473312	17.5	2	0.5479452
9473967	11.5	2	0.5479452
9474025	0.0	0	0.0
9475641	0.0	0	0.0
9476826	0.0	0	0.0
9477204	0.0	0	0.0
9477539	7.0	2	0.5479452
9480029	0.0	0	0.0
948077	1270.5	154	42.19178
9484823	0.0	0	0.0
9489310	5.0	1	0.2739726
9490093	0.0	0	0.0
9492036	0.0	0	0.0
9492873	14.166667	2	0.5479452
9494415	40.25	7	1.9178082
9494623	4.9166665	1	0.2739726
9494946	11.5	2	0.5479452
9496612	0.0	0	0.0
9497431	0.0	0	0.0
9505340	0.0	0	0.0
9506766	19.833334	2	0.5479452
9507115	5.75	1	0.2739726
9508386	40.833332	2	0.5479452
9508837	49.5	6	1.6438355
9509279	33.333332	4	1.0958904
9509695	0.0	0	0.0
9511676	0.0	0	0.0
9511777	41.666668	1	0.2739726
9512909	11.0	2	0.5479452
9513636	0.0	0	0.0
9516114	0.0	0	0.0
9516608	22.5	1	0.2739726
9516743	0.0	0	0.0
9519968	86.666664	8	2.1917808
9521903	0.0	0	0.0
9522082	9.916667	1	0.2739726
9530788	0.0	0	0.0
9530877	0.0	0	0.0
9531	1072.5	78	21.369862
9531265	0.0	0	0.0
9532861	24.833334	2	0.5479452
9532957	0.0	0	0.0
9533648	60.083332	7	1.9178082
9533803	10.0	2	0.5479452
9534	291.66666	28	7.6712327
953595	1075.0	86	23.561646
9545281	0.0	0	0.0
9545664	0.0	0	0.0
9545766	0.0	0	0.0
9546508	5.75	1	0.2739726
9546633	0.0	0	0.0
9550869	0.0	0	0.0
955506	1237.5	66	18.082191
9558353	11.666667	2	0.5479452
9562586	0.0	0	0.0
9563458	0.0	0	0.0
9563749	12.666667	4	1.0958904
9564093	15.0	3	0.8219178
9568491	13.333333	4	1.0958904
9573675	0.0	0	0.0
9574602	0.0	0	0.0
9576550	0.0	0	0.0
9577993	0.0	0	0.0
9580021	56.666668	8	2.1917808
9580209	0.0	0	0.0
958475	2103.75	297	81.369865
9587410	8.333333	2	0.5479452
9591718	0.0	0	0.0
9591787	0.0	0	0.0
9595087	0.0	0	0.0
9596	960.0	96	26.301369
9597415	0.0	0	0.0
9597947	0.0	0	0.0
9600159	0.0	0	0.0
9604740	0.0	0	0.0
9609152	0.0	0	0.0
9611409	0.0	0	0.0
9612147	16.666666	2	0.5479452
9615941	4.0833335	1	0.2739726
9617068	10.416667	1	0.2739726
9618016	0.0	0	0.0
9619737	0.0	0	0.0
9628972	0.0	0	0.0
9632775	3.25	1	0.2739726
9634448	0.0	0	0.0
9635943	0.0	0	0.0
9636238	0.0	0	0.0
9636248	0.0	0	0.0
9636952	0.0	0	0.0
9651755	34.0	6	1.6438355
9652574	8.333333	2	0.5479452
9663221	0.0	0	0.0
9664395	0.0	0	0.0
9666446	0.0	0	0.0
9675736	0.0	0	0.0
9679300	0.0	0	0.0
9679301	12.5	2	0.5479452
9679741	8.333333	2	0.5479452
9685856	0.0	0	0.0
9693230	0.0	0	0.0
9693971	0.0	0	0.0
9694921	32.666668	2	0.5479452
9695233	0.0	0	0.0
9696286	0.0	0	0.0
9696532	0.0	0	0.0
9696912	0.0	0	0.0
9696950	0.0	0	0.0
9698202	83.333336	4	1.0958904
9699490	0.0	0	0.0
9706229	179.0	12	3.287671
9710851	0.0	0	0.0
9711153	20.0	6	1.6438355
9712348	0.0	0	0.0
9712716	16.25	3	0.8219178
9714078	36.0	4	1.0958904
9715029	0.0	0	0.0
9716348	0.0	0	0.0
9717757	0.0	0	0.0
9727246	7.6666665	1	0.2739726
9727857	6.25	3	0.8219178
9732638	0.0	0	0.0
9733835	0.0	0	0.0
9733841	0.0	0	0.0
9736801	0.0	0	0.0
9736940	7.0	3	0.8219178
9738522	0.0	0	0.0
973859	1552.5	162	44.38356
9739482	0.0	0	0.0
975179	770.0	168	46.027397
9757138	0.0	0	0.0
9768655	0.0	0	0.0
9774404	0.0	0	0.0
977722	853.3333	128	35.068493
9781881	0.0	0	0.0
9797000	12.5	2	0.5479452
9797545	0.0	0	0.0
9812439	0.0	0	0.0
9813231	0.0	0	0.0
9813684	0.0	0	0.0
9814376	0.0	0	0.0
9820818	20.833334	2	0.5479452
9822759	0.0	0	0.0
9822848	0.0	0	0.0
9823290	6.6666665	1	0.2739726
9835920	0.0	0	0.0
9836113	0.0	0	0.0
9843421	0.0	0	0.0
9846066	0.0	0	0.0
9849122	5.8333335	2	0.5479452
9858690	0.0	0	0.0
9863457	0.0	0	0.0
9863484	31.666666	4	1.0958904
9863565	27.666666	4	1.0958904
9865846	7.0833335	1	0.2739726
9866461	5.0	1	0.2739726
9866909	0.0	0	0.0
9866984	15.833333	2	0.5479452
9868607	0.0	0	0.0
9878971	0.0	0	0.0
9880665	0.0	0	0.0
988176	1260.4166	121	33.150684
9883943	0.0	0	0.0
9885225	0.0	0	0.0
9886971	0.0	0	0.0
9887142	0.0	0	0.0
9888395	0.0	0	0.0
9900303	0.0	0	0.0
9900319	0.0	0	0.0
9901852	0.0	0	0.0
9907337	0.0	0	0.0
9908591	33.333332	4	1.0958904
9908825	0.0	0	0.0
9909445	0.0	0	0.0
9910025	9.166667	1	0.2739726
991961	1269.9166	49	13.424657
9920856	0.0	0	0.0
9921445	0.0	0	0.0
9922140	0.0	0	0.0
9922335	0.0	0	0.0
9924107	36.666668	4	1.0958904
9925458	0.0	0	0.0
9929059	24.75	3	0.8219178
9938792	0.0	0	0.0
9939025	0.0	0	0.0
9939038	0.0	0	0.0
9939359	13.333333	2	0.5479452
9939740	0.0	0	0.0
995443	240.83333	34	9.315068
9957555	29.166666	2	0.5479452
9961388	0.0	0	0.0
9961538	0.0	0	0.0
9970609	0.0	0	0.0
9970805	3.25	1	0.2739726
9974658	0.0	0	0.0
9975073	0.0	0	0.0
9976135	0.0	0	0.0
9979329	0.0	0	0.0
9994758	0.0	0	0.0
9995551	6.5833335	1	0.2739726
9999759	0.0	0	0.0
9999955	0.0	0	0.0
