9995551	100.0
9970805	100.0
9929059	100.0
9910025	100.0
9866984	100.0
9865846	100.0
9863565	100.0
9849122	100.0
9823290	100.0
9820818	100.0
9727857	100.0
9727246	100.0
9714078	100.0
9712716	100.0
9694921	100.0
9679301	100.0
9652574	100.0
9617068	100.0
9615941	100.0
9587410	100.0
9580021	100.0
9563749	100.0
9558353	100.0
9534	100.0
9533803	100.0
9531	100.0
9522082	100.0
9516608	100.0
9512909	100.0
9508837	100.0
9508386	100.0
9506766	100.0
9494415	100.0
9492873	100.0
9489310	100.0
948077	100.0
9477539	100.0
9473967	100.0
9465815	100.0
9436832	100.0
9426058	100.0
9414303	100.0
9387189	100.0
9374358	100.0
9373607	100.0
9368677	100.0
9367465	100.0
9352778	100.0
9330174	100.0
9329068	100.0
